PP big_endian 4
num variables: 3

var 0: nz = 1, nt = 1
var 0 record 0
hdr offset: 4
data offset: 268
disk length: 13176
int hdr: [  1909     12      1      0      0    331   1910      1      1      0
      0      1    122    720   3294      1      0     73     96      0
      1      2     16      0    128    129      0 352513 555008   2048
    870     18   9999      0      0      0      0   1111      1 555008
      0     24      0      0      1]
real hdr: [  0.00000000e+00   0.00000000e+00   0.00000000e+00   0.00000000e+00
   0.00000000e+00  -1.00000000e+01   0.00000000e+00   0.00000000e+00
   0.00000000e+00   0.00000000e+00   9.00000000e+01   0.00000000e+00
   0.00000000e+00   9.25000000e+01  -2.50000000e+00  -3.75000000e+00
   3.75000000e+00  -1.07374182e+09   1.00000000e+00]
data_type = real nwords = 7008
data: [ 233.45117188  233.45117188  233.45117188 ...,  251.13476562  251.13476562
  251.13476562]
-----------------------
===============================

var 1: nz = 1, nt = 1
var 1 record 0
hdr offset: 13452
data offset: 13716
disk length: 28032
int hdr: [  1909     12      1      0      0    331   1910      1      1      0
      0      1    122    720   7008      1      0     73     96      0
      0      2     37      0    128    129      0 352513 565248   8192
    870    134   9999      0      0      0      0   1111      1 565248
      0     31      0      0      1]
real hdr: [  0.00000000e+00   0.00000000e+00   0.00000000e+00   0.00000000e+00
   0.00000000e+00  -9.90000000e+01   0.00000000e+00   0.00000000e+00
   0.00000000e+00   0.00000000e+00   9.00000000e+01   0.00000000e+00
   0.00000000e+00   9.25000000e+01  -2.50000000e+00  -3.75000000e+00
   3.75000000e+00  -1.07374182e+09   1.00000000e+00]
data_type = real nwords = 7008
data: [  1.00000000e+00   1.00000000e+00   1.00000000e+00 ...,  -1.07374182e+09
  -1.07374182e+09  -1.07374182e+09]
-----------------------
===============================

var 2: nz = 1, nt = 1
var 2 record 0
hdr offset: 41756
data offset: 42020
disk length: 28032
int hdr: [  1909     12      1      0      0    331   1910      1      1      0
      0      1    122    720   7008      1      0     73     96      0
      0      2    687      0    128    129      0 352513 573440   8192
    870      0      0      0      0      0      0   1111      1 573440
      0     32      0      0      1]
real hdr: [  0.00000000e+00   0.00000000e+00   0.00000000e+00   0.00000000e+00
   0.00000000e+00  -9.90000000e+01   0.00000000e+00   0.00000000e+00
   0.00000000e+00   0.00000000e+00   9.00000000e+01   0.00000000e+00
   0.00000000e+00   9.25000000e+01  -2.50000000e+00  -3.75000000e+00
   3.75000000e+00  -1.07374182e+09   1.00000000e+00]
data_type = real nwords = 7008
data: [  2.00000000e+00   2.00000000e+00   2.00000000e+00 ...,  -1.07374182e+09
  -1.07374182e+09  -1.07374182e+09]
-----------------------
===============================
record read using saved file type and offsets:
int hdr: [  1909     12      1      0      0    331   1910      1      1      0
      0      1    122    720   3294      1      0     73     96      0
      1      2     16      0    128    129      0 352513 555008   2048
    870     18   9999      0      0      0      0   1111      1 555008
      0     24      0      0      1]
real hdr: [  0.00000000e+00   0.00000000e+00   0.00000000e+00   0.00000000e+00
   0.00000000e+00  -1.00000000e+01   0.00000000e+00   0.00000000e+00
   0.00000000e+00   0.00000000e+00   9.00000000e+01   0.00000000e+00
   0.00000000e+00   9.25000000e+01  -2.50000000e+00  -3.75000000e+00
   3.75000000e+00  -1.07374182e+09   1.00000000e+00]
data_type = real nwords = 7008
data: [ 233.45117188  233.45117188  233.45117188 ...,  251.13476562  251.13476562
  251.13476562]
nx = 96
ny = 73
data_type = real nwords = 7008
