1.94408
1.99718
2.04474
2.08681
2.09618
2.01876
1.93209
1.7896
1.63463
1.38096
1.08829
0.78914
0.483418
0.14303
-0.218474
-0.583086
-0.953391
-1.29803
-1.62932
-1.95229
-2.24253
-2.48075
-2.70903
-2.92367
-3.09873
-3.26267
-3.41704
-3.57128
-3.70919
-3.74978
-3.7913
-3.83425
-3.87655
-3.91989
-3.968
-3.98869
-4.01308
-4.02839
-4.01451
-4.01373
-3.97308
-3.93551
-3.88656
-3.81812
-3.75403
-3.65899
-3.56757
-3.45437
-3.33213
-3.1973
-3.03717
-2.8788
-2.67039
-2.46099
-2.22179
-1.95928
-1.68872
-1.39607
-1.09587
-0.809033
-0.52828
-0.246254
-0.0390264
0.167646
0.338082
0.440641
0.518459
0.56442
0.596609
0.645608
0.702396
0.771241
0.860629
0.962459
1.06654
1.18419
1.31538
1.40278
1.52138
1.71019
1.88271
2.01483
2.1412
2.2618
2.37176
2.46339
2.54577
2.61894
2.68798
2.78267
2.87707
2.97
3.06121
3.15265
3.25532
3.35198
3.44271
3.48485
3.51236
3.5872
3.67713
3.77009
3.86594
3.96458
4.06593
4.01438
2.0521
1.96232
1.94384
1.97068
1.99443
1.9825
1.88609
1.76377
1.58258
1.38071
1.09393
0.774761
0.459037
0.151023
-0.182868
-0.514175
-0.850528
-1.21221
-1.54975
-1.83671
-2.10898
-2.36899
-2.59425
-2.81298
-3.02914
-3.22204
-3.40938
-3.58046
-3.75471
-3.91605
-4.05208
-4.17673
-4.20519
-4.2421
-4.28492
-4.28474
-4.30083
-4.29439
-4.26841
-4.24361
-4.19385
-4.13295
-4.06735
-3.99041
-3.89077
-3.80724
-3.68895
-3.58041
-3.44774
-3.30029
-3.14787
-2.95956
-2.76851
-2.5433
-2.29742
-2.03227
-1.74234
-1.44665
-1.1435
-0.832967
-0.539743
-0.262106
-0.0234057
0.174079
0.340894
0.434289
0.508968
0.580807
0.633082
0.690084
0.763493
0.849444
0.946132
1.06426
1.19019
1.31929
1.45398
1.67365
1.87066
2.05631
2.23291
2.39182
2.52638
2.64524
2.75269
2.85231
2.9292
2.97704
3.02927
3.12002
3.22888
3.32915
3.41806
3.4967
3.5857
3.69211
3.7248
3.73028
3.75103
3.80233
3.89694
4.00216
4.09686
4.17607
4.22692
4.17518
2.17643
2.00196
1.7421
1.85649
1.94393
1.95066
1.94938
1.88595
1.77381
1.54293
1.29676
1.01093
0.704277
0.383577
0.0785405
-0.261303
-0.607984
-0.95968
-1.29129
-1.61951
-1.90684
-2.16781
-2.42753
-2.69554
-2.91251
-3.15064
-3.3808
-3.58042
-3.78724
-3.97293
-4.15973
-4.30521
-4.41379
-4.5113
-4.56272
-4.57529
-4.57883
-4.55236
-4.51027
-4.46043
-4.39206
-4.31327
-4.229
-4.1276
-4.02408
-3.9145
-3.80112
-3.67783
-3.54239
-3.39492
-3.22396
-3.04383
-2.83215
-2.60076
-2.34295
-2.05824
-1.7571
-1.44796
-1.13102
-0.799453
-0.510031
-0.239371
0.001902
0.190829
0.351865
0.484867
0.586958
0.672763
0.759809
0.84092
0.927306
1.03335
1.14915
1.27739
1.43628
1.64265
1.87643
2.11455
2.34062
2.53777
2.71495
2.88272
3.02765
3.14963
3.25162
3.33139
3.372
3.40803
3.46195
3.53662
3.645
3.74879
3.83771
3.92067
3.9949
4.00825
4.0191
4.03747
4.07449
4.1463
4.25715
4.40282
4.48209
4.36799
4.43732
4.38555
2.28727
2.13735
1.97839
2.01875
2.19793
2.29857
2.27468
2.19514
2.03271
1.86264
1.63326
1.33807
1.01981
0.72037
0.344309
-0.0262612
-0.353703
-0.719919
-1.08352
-1.40497
-1.72002
-2.05303
-2.3842
-2.66246
-2.93593
-3.21529
-3.47458
-3.72047
-3.95788
-4.1856
-4.39019
-4.5688
-4.72392
-4.84639
-4.92592
-4.97258
-4.9906
-4.96861
-4.92719
-4.87209
-4.80612
-4.73074
-4.65309
-4.5731
-4.4848
-4.4081
-4.31766
-4.22743
-4.12401
-3.99835
-3.85922
-3.68951
-3.50416
-3.28116
-3.03644
-2.76027
-2.45837
-2.1529
-1.83543
-1.51955
-1.22697
-0.936451
-0.648629
-0.400853
-0.155709
0.0839176
0.301031
0.511638
0.724161
0.938244
1.15369
1.38101
1.61905
1.88354
2.18894
2.50529
2.80917
3.08644
3.33911
3.54724
3.71695
3.85579
3.97255
4.05329
4.08701
4.07242
4.05656
4.05813
4.06628
4.09267
4.12935
4.18753
4.24265
4.28986
4.26287
4.23005
4.22458
4.26039
4.33735
4.50987
4.83427
4.98197
4.70323
4.59231
4.64434
4.5927
2.25972
2.24119
2.23588
2.45181
2.89923
2.74739
2.49582
2.36417
2.31788
2.23107
2.03569
1.69513
1.35608
1.01715
0.606678
0.215089
-0.134215
-0.490857
-0.90196
-1.23067
-1.5833
-2.02519
-2.47294
-2.85468
-3.24699
-3.59116
-3.92738
-4.26157
-4.56063
-4.8411
-5.09365
-5.32228
-5.52422
-5.70036
-5.86556
-6.02322
-6.18092
-6.35806
-6.55407
-6.77744
-7.02352
-7.28929
-7.56262
-7.83409
-8.09578
-8.3275
-8.53228
-8.6816
-8.77966
-8.82451
-8.81526
-8.77654
-8.69932
-8.59606
-8.46226
-8.29489
-8.08616
-7.83915
-7.55059
-7.21853
-6.84719
-6.39869
-5.89618
-5.33617
-4.70578
-4.02474
-3.30213
-2.53286
-1.72875
-0.899841
-0.0556386
0.790878
1.63977
2.47069
3.26001
3.98653
4.62913
5.17955
5.62254
5.9637
6.216
6.38291
6.46298
6.46665
6.4034
6.28715
6.13662
5.96862
5.79864
5.61834
5.43963
5.26246
5.08255
4.93157
4.79382
4.65708
4.57235
4.5456
4.63101
4.95873
5.48205
5.16312
4.85729
4.79827
4.84795
4.79659
2.14176
2.20869
2.3638
2.76332
3.13085
2.61651
2.15474
2.01696
2.12915
2.18497
2.04872
1.76143
1.39507
1.00847
0.550302
0.126938
-0.211611
-0.621474
-1.06516
-1.43968
-1.79771
-2.28175
-2.76858
-3.26957
-3.6862
-4.09324
-4.48764
-4.85564
-5.21027
-5.53961
-5.85123
-6.1519
-6.44744
-6.7525
-7.07997
-7.43916
-7.8427
-8.28985
-8.78166
-9.30417
-9.84334
-10.3808
-10.894
-11.3669
-11.7792
-12.1218
-12.3707
-12.5259
-12.5812
-12.5516
-12.4611
-12.3184
-12.1432
-11.9265
-11.6701
-11.3649
-11.0205
-10.6333
-10.2044
-9.72274
-9.192
-8.59043
-7.91387
-7.169
-6.35866
-5.49105
-4.56718
-3.58445
-2.54908
-1.47063
-0.363323
0.753999
1.8578
2.9247
3.92358
4.82725
5.62504
6.30906
6.87232
7.31708
7.6583
7.89038
8.02223
8.06403
8.02113
7.90941
7.73438
7.51993
7.26838
6.99097
6.68939
6.37765
6.08894
5.72701
5.53161
5.30432
5.07572
4.94209
4.9371
5.20355
5.52214
5.12234
4.94072
4.9376
5.04567
4.99474
2.03235
2.10757
2.38036
2.86504
3.26648
2.60845
1.97554
1.83482
2.02413
2.08482
2.04602
1.75761
1.391
0.976657
0.5367
0.0811616
-0.303086
-0.722274
-1.19724
-1.64696
-2.06322
-2.53197
-3.08575
-3.61192
-4.08014
-4.52018
-4.9451
-5.35438
-5.75416
-6.14793
-6.54561
-6.95765
-7.39773
-7.87715
-8.40297
-8.98002
-9.60007
-10.2556
-10.9262
-11.5901
-12.224
-12.8007
-13.3039
-13.7143
-14.0251
-14.2208
-14.2971
-14.2521
-14.1024
-13.8753
-13.596
-13.2855
-12.9373
-12.5432
-12.0899
-11.6035
-11.0966
-10.5427
-9.96504
-9.34656
-8.6672
-7.99049
-7.22749
-6.43302
-5.57943
-4.7121
-3.79843
-2.83518
-1.81956
-0.754716
0.341702
1.45323
2.5486
3.59964
4.5814
5.47614
6.2588
6.93251
7.49724
7.94955
8.29034
8.52964
8.68153
8.74729
8.73983
8.66014
8.52718
8.32866
8.09015
7.81551
7.5108
7.16931
6.84805
6.61647
6.11987
5.88267
5.60415
5.306
5.17444
5.24156
5.38376
5.07226
4.99704
5.0381
5.1782
5.12796
1.92959
2.02546
2.33241
2.76284
3.39501
2.80941
2.12186
1.99897
1.97287
2.14232
2.026
1.75753
1.39959
0.988738
0.505205
0.0414756
-0.366327
-0.808716
-1.31442
-1.81041
-2.27039
-2.74838
-3.31496
-3.82233
-4.32254
-4.78774
-5.23731
-5.68917
-6.14731
-6.62452
-7.13173
-7.67983
-8.27509
-8.91951
-9.60814
-10.3265
-11.0586
-11.7806
-12.4695
-13.0999
-13.6489
-14.0994
-14.439
-14.666
-14.7734
-14.7613
-14.6272
-14.3868
-14.0678
-13.7064
-13.33
-12.9339
-12.4924
-11.9714
-11.4002
-10.8267
-10.2218
-9.62005
-8.939
-8.26803
-7.56118
-6.80168
-6.07762
-5.28361
-4.48891
-3.66647
-2.83607
-1.95737
-1.03035
-0.058701
0.948343
1.96328
2.9682
3.93776
4.85242
5.6858
6.44556
7.09322
7.65149
8.0978
8.43697
8.66201
8.79656
8.86284
8.85205
8.77617
8.65089
8.48858
8.27821
8.02921
7.76459
7.53085
7.15472
6.8776
6.61532
6.13571
5.80222
5.46918
5.18319
5.08927
5.10068
5.00333
5.02207
5.11801
5.27761
5.22817
1.83711
1.97476
2.1833
2.57697
3.45506
3.03198
2.45805
2.09369
2.1985
2.24074
2.08129
1.83357
1.41606
0.917336
0.399162
-0.0679585
-0.519402
-0.96131
-1.44567
-1.9438
-2.41189
-2.91603
-3.41478
-3.94283
-4.44316
-4.92824
-5.41357
-5.9154
-6.44626
-7.01889
-7.64034
-8.31345
-9.03249
-9.78589
-10.5536
-11.3145
-12.0444
-12.722
-13.3257
-13.8372
-14.2422
-14.5311
-14.7058
-14.7658
-14.7155
-14.5539
-14.2922
-13.9523
-13.5729
-13.1906
-12.8116
-12.3984
-11.8855
-11.2748
-10.6588
-10.0387
-9.39265
-8.79265
-8.15239
-7.40698
-6.74623
-5.9909
-5.25497
-4.48652
-3.76175
-3.01179
-2.24211
-1.42747
-0.577128
0.296741
1.21067
2.10496
2.97969
3.8254
4.63523
5.39519
6.08168
6.73624
7.29172
7.77701
8.12358
8.40716
8.56903
8.64341
8.63504
8.55722
8.41955
8.24527
8.04018
7.81357
7.57102
7.2752
7.12221
6.69562
6.39933
5.98793
5.62736
5.29735
4.94364
4.67756
4.63495
4.87182
5.00733
5.15951
5.34439
5.29589
1.75539
1.84546
2.02215
2.34166
3.39622
3.24585
2.64417
2.37238
2.379
2.30142
2.26424
1.85133
1.32917
0.771322
0.24588
-0.249086
-0.682521
-1.11774
-1.56823
-2.02947
-2.49349
-2.96012
-3.46673
-3.98112
-4.48844
-4.99949
-5.53035
-6.09333
-6.70464
-7.36974
-8.08837
-8.85054
-9.63935
-10.4319
-11.2047
-11.935
-12.6046
-13.1975
-13.6996
-14.0994
-14.3874
-14.5638
-14.6304
-14.5943
-14.4573
-14.2269
-13.9148
-13.5516
-13.1754
-12.813
-12.4378
-11.9678
-11.3554
-10.6916
-10.0412
-9.33867
-8.82946
-8.11014
-7.5688
-6.92443
-6.1617
-5.4854
-4.69765
-3.9793
-3.23417
-2.55073
-1.76869
-0.967943
-0.143792
0.701432
1.49632
2.30737
3.03777
3.7197
4.37891
5.00405
5.59199
6.15453
6.66857
7.11708
7.49251
7.76577
8.018
8.14059
8.17192
8.11882
7.98801
7.80665
7.58925
7.3505
7.07973
6.82734
6.48003
6.22904
5.77884
5.48094
5.08134
4.82357
4.47499
4.08165
3.98734
4.66715
4.95236
5.16156
5.37819
5.33076
1.62436
1.69227
1.83868
2.03254
3.32617
3.30338
2.767
2.48241
2.35938
2.44877
2.15208
1.68971
1.1353
0.566003
0.0421926
-0.421776
-0.845498
-1.25753
-1.67098
-2.08892
-2.51744
-2.97587
-3.46411
-3.97049
-4.49377
-5.04049
-5.6223
-6.25447
-6.94237
-7.685
-8.46999
-9.27864
-10.0863
-10.8694
-11.6069
-12.2832
-12.8867
-13.4081
-13.8364
-14.1616
-14.3791
-14.4888
-14.498
-14.4118
-14.2377
-13.98
-13.6548
-13.2902
-12.9243
-12.5612
-12.1398
-11.5726
-10.8833
-10.2075
-9.48187
-8.99206
-8.28269
-7.81726
-7.12079
-6.5168
-5.85342
-5.1064
-4.3705
-3.62948
-2.93208
-2.15834
-1.35562
-0.505397
0.326364
1.15901
1.98036
2.6822
3.32786
3.89484
4.39989
4.89564
5.36141
5.77819
6.19862
6.5154
6.81821
7.07044
7.2671
7.42854
7.50511
7.49171
7.41361
7.25049
7.03491
6.78024
6.50319
6.18103
5.82628
5.48511
5.06147
4.71806
4.50171
4.10294
3.82134
3.36972
3.26437
4.4165
4.84672
5.11938
5.33803
5.29276
1.4195
1.54406
1.62606
1.75141
3.17348
3.2406
2.72708
2.42037
2.38814
2.2926
1.97494
1.51665
0.960988
0.403891
-0.103532
-0.557524
-0.973131
-1.36127
-1.74436
-2.12261
-2.52452
-2.95793
-3.43081
-3.9381
-4.48249
-5.06934
-5.70937
-6.40702
-7.16065
-7.95708
-8.7771
-9.59619
-10.3912
-11.142
-11.8353
-12.4617
-13.0146
-13.4852
-13.8623
-14.137
-14.3053
-14.3716
-14.3434
-14.2308
-14.0384
-13.7729
-13.4464
-13.0898
-12.7303
-12.3507
-11.8701
-11.2417
-10.5428
-9.81625
-9.3539
-8.7491
-8.21198
-7.61553
-6.98502
-6.28546
-5.65115
-4.92446
-4.2527
-3.49824
-2.79176
-1.95723
-1.09632
-0.21353
0.652605
1.48535
2.32381
3.04307
3.64947
4.18732
4.64236
5.03145
5.41534
5.74007
5.98763
6.23624
6.36776
6.51605
6.63072
6.70633
6.77426
6.77895
6.71775
6.61808
6.42734
6.17955
5.88944
5.55386
5.17848
4.70813
4.39939
4.01652
3.71148
3.43809
2.98894
2.5524
2.52156
4.14186
4.70469
4.99306
5.24947
5.20676
1.20688
1.32089
1.37313
1.50807
2.92287
3.0039
2.57679
2.33251
2.27652
2.1366
1.84965
1.38565
0.832582
0.288971
-0.229792
-0.661193
-1.07803
-1.44595
-1.7858
-2.14447
-2.51098
-2.92173
-3.38005
-3.89526
-4.46531
-5.09861
-5.79478
-6.55042
-7.35148
-8.17802
-9.00566
-9.81194
-10.5774
-11.2893
-11.9395
-12.5228
-13.0326
-13.4591
-13.7911
-14.0207
-14.1478
-14.1788
-14.1259
-13.9985
-13.8035
-13.5444
-13.2367
-12.9069
-12.5711
-12.1939
-11.7045
-11.0532
-10.3947
-9.83868
-9.33539
-8.83313
-8.28142
-7.5785
-6.94201
-6.27478
-5.61012
-4.95186
-4.23922
-3.56694
-2.74652
-1.92057
-0.979958
-0.127973
0.739388
1.6536
2.45198
3.21987
3.86276
4.39647
4.87737
5.28984
5.59145
5.87924
6.0493
6.14307
6.20703
6.19083
6.17351
6.15259
6.09432
6.07247
6.00396
5.89514
5.77059
5.55315
5.25736
4.92785
4.53686
4.10356
3.68798
3.4579
3.00437
2.66972
2.24525
1.68452
1.74196
3.83429
4.53329
4.83744
5.10077
5.06083
1.02051
1.10024
1.09666
1.21875
2.50835
2.64539
2.34016
2.16902
2.13975
2.02102
1.73013
1.25785
0.70245
0.146608
-0.304524
-0.830829
-1.15091
-1.49711
-1.82653
-2.13995
-2.47771
-2.86781
-3.32071
-3.8427
-4.45034
-5.12732
-5.87625
-6.67586
-7.50537
-8.33887
-9.15368
-9.93067
-10.6572
-11.3255
-11.9317
-12.4713
-12.9372
-13.3192
-13.6069
-13.7961
-13.8889
-13.8958
-13.8296
-13.7022
-13.519
-13.2863
-13.0188
-12.743
-12.4613
-12.1197
-11.6322
-11.095
-10.4864
-10.0719
-9.50843
-9.04895
-8.32984
-7.65874
-6.97675
-6.36364
-5.70907
-5.04376
-4.33991
-3.60617
-2.80911
-1.87633
-0.983879
-0.104472
0.774733
1.64849
2.53325
3.27395
3.95675
4.55017
5.05684
5.49511
5.8484
6.07295
6.21477
6.22995
6.16488
6.05333
5.89142
5.72618
5.5742
5.40486
5.29809
5.1756
5.01883
4.84603
4.59973
4.24564
3.87177
3.48219
3.09683
2.73312
2.43475
1.94537
1.4898
0.886478
0.994155
3.51063
4.34749
4.65887
4.92245
4.88524
0.858974
0.900808
0.829281
0.879626
2.00231
2.17715
2.01731
1.98128
1.99209
1.89847
1.58795
1.09778
0.555347
0.0449178
-0.504817
-0.81077
-1.2736
-1.52048
-1.83434
-2.08989
-2.43392
-2.78403
-3.24018
-3.79124
-4.42347
-5.15419
-5.94294
-6.77189
-7.6092
-8.42988
-9.21412
-9.94949
-10.6289
-11.2496
-11.8096
-12.3044
-12.7263
-13.0651
-13.3133
-13.469
-13.5383
-13.5329
-13.4677
-13.3537
-13.1983
-13.0075
-12.801
-12.5976
-12.3787
-12.0765
-11.6688
-11.2113
-10.7664
-10.2684
-9.89163
-9.16323
-8.52464
-7.80299
-7.09245
-6.49575
-5.86057
-5.13445
-4.43452
-3.64661
-2.8181
-1.89458
-0.976629
-0.131406
0.767222
1.65399
2.51307
3.28939
3.98197
4.61665
5.19159
5.65103
6.04189
6.26474
6.37799
6.35223
6.20859
5.98207
5.71298
5.41495
5.13838
4.88441
4.64194
4.47526
4.29552
4.07318
3.80983
3.52762
3.14196
2.76637
2.43144
2.065
1.70384
1.28491
0.742377
0.140141
0.353006
3.2195
4.15043
4.46208
4.7151
4.68055
0.721289
0.727525
0.583743
0.555794
1.47138
1.67069
1.66943
1.76838
1.84388
1.75127
1.41931
0.930795
0.396732
-0.114258
-0.523864
-1.02786
-1.30375
-1.59814
-1.7859
-2.06545
-2.27408
-2.67533
-3.12476
-3.70523
-4.38414
-5.16206
-5.98335
-6.82343
-7.64984
-8.43885
-9.17837
-9.86282
-10.4911
-11.0637
-11.579
-12.031
-12.4109
-12.7099
-12.924
-13.0553
-13.1128
-13.1098
-13.0604
-12.9767
-12.865
-12.7325
-12.5959
-12.4605
-12.2843
-12.0293
-11.7254
-11.311
-10.9724
-10.5355
-10.0117
-9.39552
-8.66128
-7.99054
-7.32013
-6.62657
-5.95831
-5.23013
-4.48699
-3.71447
-2.82432
-1.93321
-1.07188
-0.187525
0.681843
1.59598
2.4212
3.21467
3.92653
4.60136
5.18863
5.69865
6.08955
6.34969
6.43345
6.39014
6.20243
5.91476
5.55444
5.17835
4.80069
4.45469
4.15735
3.8631
3.61148
3.35563
3.04514
2.71152
2.39041
2.03057
1.68146
1.38539
0.998164
0.599947
0.0311443
-0.562485
-0.200755
3.00024
3.96258
4.24345
4.47914
4.44721
0.596578
0.583583
0.379629
0.294385
1.00884
1.19344
1.3382
1.55988
1.69147
1.58876
1.24402
0.763616
0.259981
-0.214209
-0.696217
-1.14849
-1.4434
-1.72039
-1.74809
-1.91624
-2.10677
-2.46054
-2.98302
-3.53933
-4.33868
-5.12014
-5.98419
-6.81804
-7.61313
-8.3559
-9.04136
-9.67168
-10.2509
-10.7801
-11.2551
-11.6678
-12.0089
-12.2732
-12.4619
-12.5813
-12.6429
-12.6592
-12.6437
-12.6061
-12.5516
-12.484
-12.4105
-12.313
-12.1678
-11.9724
-11.6776
-11.4511
-11.0368
-10.7354
-10.0777
-9.50213
-8.85292
-8.16698
-7.5187
-6.82469
-6.05955
-5.31909
-4.57532
-3.76728
-2.91937
-2.02428
-1.1871
-0.319215
0.577427
1.43609
2.26462
3.03245
3.77353
4.44144
5.05188
5.59552
5.96551
6.25358
6.34704
6.28581
6.09099
5.76692
5.39032
4.97196
4.55685
4.15688
3.77964
3.43826
3.09173
2.74429
2.40884
2.0159
1.644
1.30659
0.984719
0.674932
0.344043
-0.0988005
-0.622763
-1.11285
-0.551756
2.80817
3.83428
4.00357
4.21515
4.18574
0.481199
0.453581
0.232737
0.139997
0.661199
0.804281
1.05364
1.37535
1.53934
1.42922
1.08391
0.624714
0.157511
-0.305508
-0.75788
-1.2217
-1.71994
-1.66424
-1.82879
-1.67424
-2.00175
-2.24637
-2.73409
-3.47623
-4.15551
-5.06981
-5.92678
-6.74001
-7.4915
-8.1784
-8.8074
-9.38826
-9.92617
-10.4202
-10.8621
-11.2417
-11.5515
-11.792
-11.9696
-12.0942
-12.177
-12.228
-12.2571
-12.2703
-12.2701
-12.2554
-12.2216
-12.1498
-12.0292
-11.8525
-11.6383
-11.3804
-11.1506
-10.694
-10.1666
-9.56385
-8.95318
-8.34301
-7.65843
-6.97455
-6.20929
-5.44099
-4.67524
-3.86267
-2.9893
-2.15907
-1.27796
-0.439764
0.41747
1.24197
2.04224
2.78814
3.50218
4.16748
4.78324
5.29967
5.74071
5.98715
6.1231
6.07505
5.88243
5.58739
5.19516
4.79466
4.37494
3.96123
3.55644
3.15528
2.76161
2.35083
1.91926
1.49533
1.06097
0.677929
0.357956
0.0502364
-0.255585
-0.65208
-1.11157
-1.41379
-0.680904
2.64997
3.67557
3.82485
3.93459
3.90762
0.317703
0.353699
0.148738
0.084883
0.458305
0.543132
0.838275
1.21507
1.39477
1.28578
0.95146
0.523892
0.0997887
-0.300194
-0.77912
-1.26287
-1.64908
-1.9828
-1.75739
-1.92604
-1.94967
-2.257
-2.74097
-3.31111
-4.0782
-4.97992
-5.80611
-6.58867
-7.28556
-7.9141
-8.49455
-9.03714
-9.54663
-10.0173
-10.4373
-10.7954
-11.088
-11.3205
-11.5031
-11.6465
-11.759
-11.8465
-11.9129
-11.9616
-11.9939
-12.008
-11.9955
-11.9561
-11.8718
-11.66
-11.5788
-11.2571
-11.045
-10.5974
-10.1574
-9.55984
-9.02498
-8.4093
-7.76263
-7.05143
-6.32175
-5.55277
-4.74737
-3.9133
-3.0811
-2.21638
-1.38213
-0.559042
0.258586
1.03989
1.78315
2.50778
3.16678
3.79666
4.40156
4.90097
5.3398
5.63327
5.77497
5.7765
5.619
5.34922
5.00882
4.6162
4.22396
3.81678
3.40879
2.98843
2.55416
2.09876
1.60434
1.10771
0.626912
0.201076
-0.162442
-0.467253
-0.77001
-1.07602
-1.40098
-1.51299
-0.715813
2.50405
3.48321
3.64736
3.7577
3.73323
0.132883
0.201583
0.104332
0.10787
0.40956
0.416321
0.694845
1.07556
1.26087
1.16028
0.851856
0.469278
0.102694
-0.257226
-0.639198
-1.10736
-1.63992
-1.95066
-2.00133
-2.07097
-2.12456
-2.45083
-2.73411
-3.27999
-4.10364
-4.81721
-5.66145
-6.36845
-7.00436
-7.58729
-8.13219
-8.653
-9.14989
-9.61226
-10.0249
-10.3769
-10.6678
-10.9055
-11.1011
-11.2635
-11.3975
-11.5037
-11.5833
-11.6386
-11.6749
-11.6955
-11.7029
-11.6859
-11.6261
-11.5533
-11.3184
-11.2714
-10.8334
-10.5307
-10.0216
-9.57585
-9.03024
-8.42471
-7.78711
-7.08601
-6.34778
-5.56734
-4.7625
-3.92961
-3.10039
-2.26777
-1.45012
-0.656367
0.105428
0.839309
1.53281
2.19008
2.80339
3.39812
3.91773
4.45077
4.84315
5.16606
5.33685
5.36396
5.26393
5.03561
4.74206
4.39753
4.03037
3.65997
3.26778
2.85265
2.39633
1.9072
1.37499
0.823883
0.296861
-0.180684
-0.580296
-0.913547
-1.21051
-1.45328
-1.61574
-1.55312
-0.689849
2.3051
3.32524
3.49218
3.61564
3.59346
-0.0268054
0.0591522
0.0299862
0.145766
0.456494
0.402917
0.617021
0.963479
1.14172
1.05807
0.784978
0.458135
0.151995
-0.145443
-0.474711
-0.979255
-1.45369
-1.83576
-2.1762
-2.00038
-2.32869
-2.44913
-2.85631
-3.38873
-3.96215
-4.75167
-5.44611
-6.08781
-6.67865
-7.22545
-7.75232
-8.2688
-8.76932
-9.23785
-9.65686
-10.0153
-10.3135
-10.5596
-10.763
-10.9302
-11.063
-11.1606
-11.2238
-11.2592
-11.2767
-11.2881
-11.2974
-11.3099
-11.2809
-11.2795
-11.1343
-10.9962
-10.7633
-10.3447
-9.92013
-9.50465
-8.97529
-8.37982
-7.73066
-7.04049
-6.29697
-5.51238
-4.70944
-3.90556
-3.08056
-2.27437
-1.50081
-0.722442
-0.029133
0.655843
1.29141
1.87774
2.43849
2.95853
3.47274
3.92109
4.336
4.6222
4.80959
4.85609
4.77302
4.5987
4.33356
4.05014
3.73074
3.40525
3.06115
2.678
2.24231
1.73403
1.18202
0.589835
0.0252477
-0.484084
-0.935987
-1.30826
-1.61341
-1.82457
-1.82509
-1.55352
-0.636768
2.1811
3.17459
3.36877
3.49135
3.47119
-0.161986
-0.0585759
-0.0469924
0.122998
0.532904
0.464446
0.607196
0.892324
1.0528
0.984465
0.753376
0.481728
0.238209
-0.011581
-0.348343
-0.739095
-1.28433
-1.7868
-1.95676
-2.19503
-2.23933
-2.58513
-2.98427
-3.35888
-3.95518
-4.5837
-5.18138
-5.77965
-6.32538
-6.85201
-7.37726
-7.90368
-8.41924
-8.90347
-9.33605
-9.70507
-10.0102
-10.2576
-10.4549
-10.6066
-10.7149
-10.7797
-10.8064
-10.8049
-10.7919
-10.779
-10.7778
-10.8113
-10.8137
-10.7727
-10.8531
-10.59
-10.4452
-10.1061
-9.75195
-9.32121
-8.84149
-8.24122
-7.61027
-6.91699
-6.1816
-5.41414
-4.62476
-3.83457
-3.04652
-2.26115
-1.49945
-0.796762
-0.127683
0.486119
1.05662
1.59491
2.09567
2.54413
3.01771
3.43236
3.80432
4.08778
4.23717
4.27426
4.20048
4.02172
3.80813
3.54562
3.29426
3.03282
2.74569
2.4218
2.03227
1.5544
1.00201
0.410982
-0.185979
-0.73283
-1.20727
-1.64241
-1.97466
-2.14707
-1.99536
-1.46851
-0.483328
2.12753
3.0729
3.26044
3.38792
3.36952
-0.273303
-0.149137
-0.123596
0.0593386
0.604648
0.57711
0.661561
0.879387
1.00696
0.947367
0.754084
0.535099
0.337945
0.126527
-0.179265
-0.594302
-1.12082
-1.58757
-1.86326
-2.11534
-2.24832
-2.56146
-2.89916
-3.3651
-3.80079
-4.33308
-4.90692
-5.43759
-5.95736
-6.47923
-7.01282
-7.55588
-8.09058
-8.59148
-9.03614
-9.41165
-9.71592
-9.95401
-10.1316
-10.2535
-10.3227
-10.3438
-10.3251
-10.2826
-10.2314
-10.1908
-10.1851
-10.1724
-10.2411
-10.2348
-10.1981
-10.1858
-9.96036
-9.74659
-9.45644
-9.07771
-8.57572
-8.04083
-7.40355
-6.74094
-6.02217
-5.28101
-4.51932
-3.74889
-2.98948
-2.23755
-1.49168
-0.835792
-0.19431
0.331872
0.865869
1.33295
1.76712
2.20116
2.58631
2.9925
3.31388
3.5613
3.69421
3.69571
3.58653
3.42042
3.20012
2.98387
2.76426
2.55674
2.34499
2.08692
1.75682
1.34893
0.837641
0.276442
-0.297095
-0.860161
-1.37174
-1.83768
-2.21486
-2.32905
-2.00938
-1.24319
-0.202527
2.14818
3.00143
3.1814
3.30586
3.28898
-0.361147
-0.219025
-0.197453
0.00508153
0.691154
0.722429
0.773015
0.925425
1.01015
0.947363
0.785728
0.610519
0.45011
0.262394
-0.0189555
-0.45361
-0.916946
-1.38178
-1.77963
-1.89333
-2.16579
-2.44485
-2.77353
-3.13273
-3.58452
-4.06921
-4.57039
-5.07395
-5.58096
-6.1031
-6.64804
-7.207
-7.75596
-8.26658
-8.71516
-9.08845
-9.38368
-9.60454
-9.75633
-9.8436
-9.87209
-9.84823
-9.78632
-9.70199
-9.61212
-9.54906
-9.5196
-9.49269
-9.5657
-9.57018
-9.54648
-9.55031
-9.41348
-9.2685
-9.0428
-8.68472
-8.25699
-7.72174
-7.13866
-6.50864
-5.83019
-5.1111
-4.39127
-3.6604
-2.91818
-2.1809
-1.48219
-0.824756
-0.267358
0.265235
0.695801
1.12686
1.50696
1.87894
2.23851
2.58815
2.89776
3.10049
3.19415
3.17604
3.04314
2.84217
2.62911
2.4248
2.24452
2.07686
1.91154
1.71143
1.45932
1.11915
0.705708
0.224254
-0.293332
-0.819807
-1.34541
-1.81787
-2.21021
-2.2791
-1.77843
-0.830984
0.187546
2.19591
2.97328
3.1152
3.24534
3.22971
-0.420683
-0.275201
-0.252351
-0.00185255
0.814709
0.891544
0.92257
1.01774
1.05578
0.983942
0.846823
0.709388
0.577441
0.400305
0.119227
-0.28831
-0.777493
-1.22262
-1.5399
-1.7912
-1.98776
-2.2228
-2.5284
-2.86956
-3.27661
-3.72825
-4.20133
-4.68745
-5.18659
-5.71053
-6.26323
-6.82939
-7.38173
-7.89029
-8.3321
-8.69467
-8.9753
-9.1771
-9.3041
-9.36098
-9.35357
-9.29187
-9.18759
-9.06241
-8.94235
-8.85573
-8.75432
-8.85275
-8.73556
-8.86572
-8.87868
-8.79595
-8.82089
-8.68588
-8.48605
-8.20236
-7.82593
-7.30986
-6.81807
-6.20547
-5.58453
-4.91545
-4.23219
-3.53424
-2.82767
-2.11847
-1.43816
-0.802434
-0.274132
0.203439
0.612528
0.975702
1.3148
1.62564
1.95612
2.2704
2.53803
2.73201
2.80075
2.73668
2.60047
2.37533
2.15369
1.95539
1.78822
1.65682
1.52094
1.37152
1.17533
0.928705
0.621597
0.25824
-0.159875
-0.604011
-1.08227
-1.55718
-1.90916
-1.93329
-1.31932
-0.24405
0.698243
2.30367
2.9835
3.11421
3.20999
3.1953
-0.442222
-0.30308
-0.271062
0.0589804
0.975954
1.08259
1.09124
1.13825
1.1352
1.05496
0.940691
0.835385
0.725012
0.548104
0.254976
-0.152008
-0.628337
-1.04919
-1.34922
-1.56902
-1.73334
-1.93097
-2.18528
-2.51217
-2.8953
-3.3336
-3.79524
-4.27012
-4.76335
-5.28586
-5.8362
-6.39697
-6.93849
-7.43205
-7.85675
-8.20196
-8.46575
-8.65022
-8.7581
-8.79209
-8.75823
-8.66211
-8.52082
-8.35578
-8.21438
-8.04539
-8.04653
-7.935
-8.05431
-8.01436
-8.0689
-8.11489
-8.06781
-8.00918
-7.83628
-7.63243
-7.23467
-6.89276
-6.37513
-5.86985
-5.27873
-4.67439
-4.03089
-3.37152
-2.69881
-2.01629
-1.36335
-0.774144
-0.231929
0.190365
0.573532
0.898103
1.18423
1.46425
1.74053
2.0256
2.2843
2.44029
2.50037
2.44023
2.2649
2.04535
1.80283
1.60263
1.44819
1.32208
1.21788
1.10135
0.969534
0.807754
0.611846
0.364602
0.0750832
-0.28131
-0.674714
-1.10686
-1.44104
-1.40904
-0.738696
0.396862
1.26485
2.48745
3.04794
3.17258
3.27676
3.26311
-0.450915
-0.312312
-0.24132
0.172661
1.19085
1.29697
1.27285
1.27655
1.24283
1.16011
1.06804
0.989588
0.891552
0.708631
0.398264
-0.0187128
-0.462755
-0.848527
-1.11272
-1.26865
-1.39305
-1.5536
-1.77499
-2.08192
-2.46463
-2.89511
-3.34976
-3.81692
-4.30212
-4.8138
-5.34959
-5.89018
-6.4067
-6.87305
-7.27172
-7.59448
-7.83992
-8.00969
-8.104
-8.12474
-8.06986
-7.94767
-7.78123
-7.5805
-7.36865
-7.25368
-7.1411
-7.0951
-7.14765
-7.1838
-7.19672
-7.27105
-7.26477
-7.21919
-7.13224
-6.89802
-6.68204
-6.31446
-5.92545
-5.46253
-4.94322
-4.38338
-3.78456
-3.16379
-2.51699
-1.87396
-1.25061
-0.669769
-0.181061
0.239084
0.590804
0.875423
1.12591
1.3652
1.61593
1.86404
2.09223
2.25061
2.28698
2.2311
2.05419
1.8253
1.57658
1.36251
1.20546
1.09044
0.999154
0.923192
0.846927
0.760475
0.656442
0.507949
0.298555
0.0245627
-0.336346
-0.74152
-1.05808
-1.00604
-0.301596
0.897171
1.74108
2.67631
3.1449
3.24666
3.34867
3.33663
-0.45239
-0.315567
-0.208096
0.294894
1.43404
1.53418
1.46677
1.43089
1.37635
1.29688
1.22413
1.16367
1.06854
0.874834
0.551875
0.138653
-0.275275
-0.603142
-0.811594
-0.916778
-1.00218
-1.12306
-1.32589
-1.6214
-1.99793
-2.42344
-2.86978
-3.32596
-3.79488
-4.28519
-4.79278
-5.29908
-5.77773
-6.20665
-6.57164
-6.86701
-7.09212
-7.24791
-7.33443
-7.34641
-7.28335
-7.16048
-6.94383
-6.74777
-6.49777
-6.38801
-6.15908
-6.2692
-6.16237
-6.28368
-6.35538
-6.36277
-6.43018
-6.39322
-6.33178
-6.1797
-6.01276
-5.72082
-5.41667
-5.01063
-4.56308
-4.05303
-3.49788
-2.90247
-2.29076
-1.67544
-1.07341
-0.534209
-0.0514609
0.338294
0.648932
0.908689
1.13734
1.3277
1.54696
1.77494
1.97163
2.11025
2.14803
2.0826
1.91946
1.67799
1.43067
1.21284
1.04173
0.934919
0.864973
0.817973
0.790467
0.761103
0.701559
0.595538
0.398633
0.096574
-0.308866
-0.756256
-1.11229
-1.04426
-0.236862
1.12995
2.05136
2.81935
3.21532
3.30492
3.40306
3.3926
-0.446856
-0.306437
-0.174501
0.376509
1.66071
1.77737
1.6674
1.59732
1.53121
1.45771
1.39786
1.34373
1.24314
1.03729
0.711856
0.314838
-0.0576346
-0.329679
-0.478202
-0.545459
-0.593031
-0.687924
-0.870623
-1.15302
-1.51646
-1.9291
-2.36022
-2.79607
-3.23954
-3.69683
-4.16397
-4.62406
-5.05497
-5.43854
-5.76371
-6.02692
-6.22837
-6.37018
-6.44966
-6.46487
-6.41778
-6.26749
-6.10696
-5.83877
-5.69073
-5.36415
-5.38898
-5.19775
-5.33705
-5.33008
-5.45351
-5.50774
-5.55587
-5.56489
-5.49644
-5.46269
-5.26492
-5.11479
-4.83078
-4.51234
-4.12453
-3.66529
-3.15641
-2.58883
-2.00578
-1.41886
-0.842658
-0.318733
0.121165
0.494124
0.762568
0.998871
1.17163
1.35334
1.53392
1.72318
1.90047
1.99947
2.04676
1.96413
1.81386
1.57597
1.32346
1.10229
0.948756
0.839503
0.795536
0.775651
0.777127
0.75614
0.694445
0.527198
0.237685
-0.194814
-0.759257
-1.36079
-1.75988
-1.64713
-0.591649
1.13082
2.23792
2.89385
3.25269
3.34003
3.43806
3.42914
-0.434456
-0.289694
-0.15514
0.438133
1.85539
2.00673
1.86552
1.76935
1.69878
1.63192
1.57612
1.51743
1.40476
1.19018
0.86863
0.498695
0.168557
-0.0514625
-0.156092
-0.185065
-0.204255
-0.272779
-0.432538
-0.691089
-1.03132
-1.41892
-1.82339
-2.23002
-2.63872
-3.05373
-3.47096
-3.87709
-4.25428
-4.58803
-4.86966
-5.09676
-5.27143
-5.39695
-5.47603
-5.50573
-5.46273
-5.37699
-5.20964
-5.00044
-4.75745
-4.56095
-4.41398
-4.35936
-4.38799
-4.47026
-4.54085
-4.66928
-4.68519
-4.73222
-4.71315
-4.63685
-4.57306
-4.40169
-4.20273
-3.92959
-3.59774
-3.20209
-2.7263
-2.21062
-1.64723
-1.08349
-0.54802
-0.0440096
0.379186
0.68685
0.949444
1.11413
1.2623
1.39947
1.54446
1.70951
1.82885
1.91807
1.92414
1.86686
1.71493
1.48088
1.23631
1.02655
0.874259
0.801527
0.765698
0.7701
0.764251
0.714618
0.558456
0.253991
-0.244758
-0.922087
-1.70808
-2.49387
-2.97754
-2.65754
-1.15364
1.09017
2.3908
2.91221
3.2435
3.34329
3.45107
3.44363
-0.415341
-0.269646
-0.130723
0.497358
2.02693
2.21893
2.0607
1.94572
1.87474
1.81254
1.75325
1.68015
1.55252
1.3311
1.01982
0.675888
0.385151
0.202782
0.134691
0.136766
0.149327
0.110186
-0.0162371
-0.240796
-0.544133
-0.895113
-1.26348
-1.63319
-2.00089
-2.36784
-2.73095
-3.08052
-3.40328
-3.68722
-3.92465
-4.11434
-4.2608
-4.37177
-4.45303
-4.49906
-4.49951
-4.4624
-4.31597
-4.15694
-3.91732
-3.78452
-3.50981
-3.57965
-3.51699
-3.64334
-3.69776
-3.82277
-3.88223
-3.91488
-3.89625
-3.88879
-3.78701
-3.67436
-3.49608
-3.26573
-2.97562
-2.62593
-2.21069
-1.73017
-1.21662
-0.682253
-0.162045
0.295774
0.687234
0.966945
1.15963
1.29051
1.38616
1.46748
1.57534
1.68753
1.76846
1.80398
1.79414
1.74535
1.57267
1.39505
1.14257
0.95066
0.824512
0.76486
0.756298
0.754227
0.722648
0.584183
0.281365
-0.247349
-1.02334
-2.00031
-3.07397
-4.01243
-4.44895
-3.75519
-1.54647
1.27845
2.62929
2.86376
3.1834
3.31192
3.44371
3.43773
-0.364831
-0.246022
-0.0931753
0.564909
2.18059
2.42698
2.26734
2.1383
2.06562
2.00505
1.93474
1.84059
1.69368
1.46765
1.1661
0.845116
0.580375
0.426386
0.384784
0.418403
0.463829
0.46392
0.379151
0.201374
-0.0548139
-0.35988
-0.685808
-1.0141
-1.33825
-1.65602
-1.96689
-2.26331
-2.53639
-2.77491
-2.97197
-3.12708
-3.24848
-3.34831
-3.43423
-3.50627
-3.56092
-3.52937
-3.48727
-3.32496
-3.1726
-2.93561
-2.87361
-2.72574
-2.79662
-2.84609
-2.95648
-3.01238
-3.12655
-3.126
-3.14388
-3.09082
-3.03538
-2.90469
-2.74117
-2.52848
-2.27737
-1.96053
-1.60276
-1.17083
-0.698504
-0.211949
0.27492
0.715807
1.04404
1.30379
1.42685
1.50351
1.53394
1.56295
1.61339
1.66133
1.69046
1.6624
1.62345
1.55398
1.43405
1.22169
1.03373
0.85837
0.757936
0.716924
0.724111
0.701505
0.611789
0.357163
-0.132438
-0.922524
-1.9948
-3.28648
-4.59328
-5.60636
-5.76624
-4.42389
-1.40648
1.8987
3.01001
2.78022
3.08585
3.26724
3.4084
3.40389
-0.164892
-0.102352
-0.0171253
0.657159
2.32991
2.65058
2.50994
2.36834
2.28909
2.22395
2.13729
2.0151
1.84532
1.61117
1.31745
1.00954
0.760475
0.621976
0.602615
0.664214
0.747394
0.79135
0.758429
0.635724
0.435568
0.182205
-0.0967962
-0.382939
-0.662882
-0.937138
-1.20089
-1.45411
-1.68611
-1.88849
-2.05309
-2.18206
-2.2859
-2.38071
-2.47957
-2.57678
-2.65556
-2.70731
-2.64281
-2.58825
-2.39524
-2.25276
-2.15475
-2.069
-2.10478
-2.14304
-2.25264
-2.33086
-2.38035
-2.4089
-2.41337
-2.34444
-2.26725
-2.14191
-1.96509
-1.75835
-1.51262
-1.24796
-0.913689
-0.550779
-0.123013
0.327396
0.766529
1.16542
1.47988
1.65408
1.75163
1.75027
1.71505
1.6647
1.65509
1.63533
1.57349
1.50114
1.41556
1.29683
1.20451
1.03596
0.858577
0.728172
0.651877
0.641046
0.635112
0.594697
0.412834
0.0226776
-0.658735
-1.6851
-3.03131
-4.53402
-5.94145
-6.7783
-6.42873
-4.2741
-0.521397
2.89679
3.46615
2.69429
2.96566
3.13293
3.17917
3.17728
0.0475313
0.12434
0.223209
0.856245
2.52892
2.92371
2.81404
2.65946
2.56433
2.48784
2.37918
2.22486
2.02584
1.7789
1.48476
1.18168
0.935403
0.803629
0.797504
0.884732
1.00364
1.09597
1.1198
1.05986
0.921142
0.724822
0.493542
0.252552
0.0110679
-0.224618
-0.451655
-0.673027
-0.877047
-1.05464
-1.19982
-1.3144
-1.41294
-1.51309
-1.62621
-1.74936
-1.85679
-1.92323
-1.92081
-1.82591
-1.71733
-1.63985
-1.46263
-1.52783
-1.47391
-1.56688
-1.61925
-1.7053
-1.731
-1.74858
-1.69066
-1.64939
-1.5251
-1.37587
-1.19387
-0.973508
-0.735271
-0.477464
-0.195397
0.137735
0.499486
0.899351
1.30603
1.64738
1.93217
2.06645
2.08537
2.02918
1.91374
1.78921
1.69015
1.59335
1.45619
1.28908
1.13514
1.03118
0.888707
0.777371
0.649189
0.542879
0.497821
0.497915
0.485764
0.387188
0.117264
-0.410729
-1.27534
-2.47872
-3.96569
-5.52314
-6.75787
-7.15828
-6.098
-3.23085
0.90019
3.9818
3.83022
2.55816
2.73887
2.87069
2.89991
2.90058
0.281352
0.367697
0.469994
1.13353
2.80078
3.26475
3.19514
3.02726
2.908
2.81165
2.67797
2.48786
2.25531
1.98664
1.68381
1.37423
1.12167
0.984703
0.983432
1.08672
1.23795
1.37722
1.46111
1.46691
1.39438
1.25621
1.07793
0.88148
0.669729
0.480784
0.264998
0.0735826
-0.119838
-0.288809
-0.427787
-0.543722
-0.650388
-0.766382
-0.900312
-1.04391
-1.15937
-1.24901
-1.25047
-1.16465
-1.12636
-0.977312
-1.00373
-0.935146
-1.01819
-1.02848
-1.1033
-1.12033
-1.15484
-1.10908
-1.04866
-0.942793
-0.811452
-0.629714
-0.42082
-0.187886
0.0501946
0.310165
0.562655
0.851169
1.16802
1.50388
1.84256
2.18033
2.37796
2.49792
2.45079
2.31996
2.12637
1.92812
1.72869
1.55473
1.32793
1.05551
0.829753
0.651455
0.545857
0.446006
0.361395
0.303442
0.276856
0.267075
0.2355
0.0738349
-0.290625
-0.934672
-1.90405
-3.19357
-4.64493
-6.00438
-6.82887
-6.60108
-4.86605
-1.56401
2.41369
4.82691
3.98361
2.34795
2.46791
2.61557
2.65153
2.65531
0.536115
0.62287
0.73905
1.41805
3.106
3.65965
3.64748
3.47633
3.3287
3.20672
3.0454
2.81971
2.54868
2.25087
1.92819
1.60386
1.33414
1.18245
1.17218
1.28061
1.4544
1.63636
1.77775
1.85022
1.84329
1.76773
1.647
1.47643
1.34576
1.13227
0.987667
0.777919
0.586342
0.410426
0.259458
0.127302
-0.00188455
-0.143763
-0.300743
-0.450603
-0.597797
-0.638959
-0.668576
-0.618755
-0.550602
-0.493973
-0.524829
-0.522185
-0.576594
-0.623195
-0.62264
-0.650058
-0.595069
-0.535685
-0.421936
-0.276461
-0.0915102
0.10556
0.344776
0.586903
0.843741
1.08874
1.34095
1.58196
1.84525
2.1201
2.40882
2.67811
2.86219
2.90467
2.82979
2.61853
2.36204
2.06771
1.7909
1.51926
1.19934
0.838458
0.492412
0.262672
0.117448
0.0504685
0.00851559
-0.0270227
-0.0356856
-0.0501591
-0.131919
-0.34828
-0.779636
-1.47814
-2.45944
-3.64484
-4.88745
-5.83048
-6.0937
-5.26313
-3.11024
0.215226
3.67151
5.28809
3.95914
2.16371
2.21988
2.37118
2.41457
2.42116
0.811276
0.90384
1.04258
1.72559
3.42525
4.08027
4.15316
3.99889
3.82763
3.67712
3.48889
3.22837
2.91736
2.58225
2.2319
1.88399
1.59027
1.41225
1.37989
1.47743
1.66135
1.87512
2.06798
2.2024
2.26241
2.25054
2.16355
2.09924
1.92218
1.84012
1.67301
1.46481
1.25731
1.05132
0.871168
0.70771
0.544103
0.369955
0.190172
0.0230027
-0.0811872
-0.172187
-0.160058
-0.125183
-0.0732415
-0.140895
-0.095828
-0.237167
-0.235654
-0.273644
-0.252
-0.215287
-0.117211
0.00744558
0.173438
0.378083
0.596583
0.846888
1.09068
1.34836
1.60797
1.85733
2.09805
2.3156
2.51626
2.73214
2.96595
3.15802
3.32993
3.31588
3.18166
2.93899
2.59793
2.22324
1.88205
1.50953
1.09937
0.640191
0.198292
-0.140486
-0.325728
-0.415227
-0.440228
-0.437414
-0.450638
-0.479006
-0.588755
-0.8384
-1.28505
-1.93502
-2.78468
-3.72885
-4.57495
-5.04352
-4.77839
-3.53731
-1.2674
1.71032
4.47286
5.40651
3.82277
2.02266
1.99299
2.13176
2.18441
2.19347
1.10639
1.20968
1.37929
2.07043
3.75844
4.51192
4.6952
4.58231
4.39748
4.2207
4.0074
3.71645
3.36468
2.98832
2.60325
2.22776
1.90403
1.69185
1.62283
1.69343
1.86909
2.10018
2.33291
2.52344
2.64383
2.68241
2.67656
2.58191
2.51919
2.48025
2.31657
2.15716
1.89735
1.65165
1.42619
1.21719
1.00898
0.797948
0.59632
0.431492
0.323742
0.256512
0.259848
0.251628
0.24951
0.225517
0.0898474
0.0595851
-0.0226295
0.0121907
0.03114
0.164869
0.295573
0.496522
0.737382
0.992142
1.26978
1.54673
1.81304
2.07354
2.32875
2.58779
2.81454
3.01671
3.18365
3.33549
3.49171
3.65487
3.73743
3.71974
3.52626
3.2375
2.84863
2.40999
1.97511
1.54291
1.05829
0.496229
-0.042873
-0.478693
-0.770403
-0.899086
-0.944296
-0.941347
-0.939584
-0.976913
-1.09583
-1.32783
-1.7045
-2.20999
-2.81229
-3.41507
-3.83595
-3.87505
-3.2575
-1.86956
0.242263
2.76751
4.87068
5.29705
3.6413
1.90643
1.79376
1.9034
1.96088
1.97207
1.55194
1.57144
1.74713
2.43915
4.09808
4.95228
5.26061
5.21096
5.02539
4.82624
4.59316
4.27732
3.8892
3.46984
3.04831
2.64271
2.28845
2.03618
1.92015
1.94584
2.09338
2.32156
2.57821
2.81249
2.98374
3.07479
3.09002
2.99463
3.04362
2.90331
2.9539
2.76616
2.50837
2.21723
1.9467
1.679
1.41925
1.16941
0.948553
0.782778
0.66639
0.63255
0.584253
0.556945
0.495382
0.403893
0.290761
0.20208
0.180113
0.184916
0.297376
0.447022
0.659319
0.940171
1.24319
1.56157
1.89401
2.19886
2.48465
2.74504
2.99839
3.24946
3.4832
3.6757
3.82101
3.9168
4.0147
4.11872
4.14348
4.07056
3.86351
3.51538
3.09424
2.61123
2.10408
1.60767
1.05833
0.450822
-0.19477
-0.738052
-1.12709
-1.36367
-1.44667
-1.4665
-1.45841
-1.48508
-1.57304
-1.75585
-1.9995
-2.3002
-2.61401
-2.85767
-2.93966
-2.66881
-1.91049
-0.557662
1.31737
3.40921
5.02779
5.10439
3.44223
1.81624
1.6306
1.69579
1.73676
1.74961
2.07353
2.10408
2.24035
2.8582
4.45936
5.39829
5.83766
5.86847
5.69367
5.47719
5.22869
4.8977
4.48101
4.02402
3.56664
3.13327
2.74986
2.45789
2.28752
2.25394
2.35126
2.55222
2.81112
3.07046
3.28349
3.41186
3.41676
3.42337
3.24372
3.3406
3.32134
3.25259
3.0187
2.75904
2.42964
2.11119
1.80146
1.51185
1.26779
1.08907
0.990156
0.893248
0.837265
0.772755
0.642486
0.502452
0.423862
0.308046
0.313428
0.369809
0.511103
0.70082
1.01265
1.34099
1.70624
2.09362
2.4537
2.79319
3.0906
3.35498
3.60797
3.84504
4.07911
4.27872
4.40501
4.48043
4.52163
4.55211
4.53784
4.40163
4.1481
3.78912
3.32845
2.8066
2.26293
1.70948
1.11807
0.460674
-0.216865
-0.870219
-1.3749
-1.70622
-1.88741
-1.94521
-1.94206
-1.94355
-1.98302
-2.07151
-2.19249
-2.28489
-2.34384
-2.29952
-2.12174
-1.68405
-0.88284
0.362144
2.04333
3.8166
5.07772
4.90116
3.27233
1.79382
1.49999
1.48669
1.49067
1.5044
2.60125
2.64798
2.8003
3.3717
4.86939
5.85937
6.41919
6.54017
6.38651
6.15305
5.89206
5.55495
5.1242
4.63975
4.15347
3.69573
3.28901
2.96086
2.73605
2.63294
2.6595
2.80648
3.03994
3.30346
3.54107
3.70406
3.76991
3.72208
3.65179
3.64997
3.64016
3.59531
3.49782
3.21384
2.88443
2.53046
2.17013
1.84158
1.57316
1.37595
1.23037
1.13612
0.997493
0.862675
0.723315
0.592245
0.443692
0.442609
0.436694
0.558205
0.717317
1.0114
1.34277
1.73945
2.16661
2.5689
2.9699
3.32178
3.63032
3.90287
4.14388
4.38288
4.60941
4.79589
4.93476
4.99254
5.00399
4.97734
4.90216
4.70761
4.4123
4.02712
3.54868
3.00327
2.43081
1.83352
1.2246
0.553294
-0.160696
-0.849865
-1.44837
-1.89542
-2.16988
-2.2945
-2.32169
-2.30024
-2.28872
-2.28837
-2.28677
-2.23205
-2.09963
-1.86611
-1.49413
-0.953015
-0.129637
1.07051
2.56981
4.12702
5.07562
4.69421
3.08825
1.76522
1.35028
1.26639
1.24272
1.25697
3.13502
3.20458
3.36488
3.87811
5.29806
6.32843
6.99373
7.21485
7.09106
6.83862
6.55959
6.22333
5.79377
5.29955
4.79488
4.32042
3.89639
3.54042
3.26621
3.09114
3.03125
3.10202
3.27081
3.52629
3.76431
3.97376
4.07715
4.06995
4.07118
3.94848
3.99106
3.95325
3.87406
3.63034
3.32357
2.93135
2.53447
2.1742
1.87346
1.63914
1.45379
1.27718
1.11424
0.925496
0.754955
0.603969
0.541676
0.521553
0.608294
0.753308
0.990679
1.30849
1.69413
2.14141
2.60042
3.03576
3.43828
3.79636
4.10529
4.37621
4.61933
4.8436
5.06055
5.2578
5.38991
5.44715
5.44987
5.38348
5.24444
4.99326
4.64987
4.23352
3.74161
3.18812
2.59411
1.98368
1.35063
0.694229
-0.0110023
-0.711629
-1.35347
-1.87543
-2.24685
-2.44372
-2.51611
-2.49924
-2.44665
-2.38321
-2.28806
-2.12215
-1.87483
-1.50123
-0.999308
-0.354256
0.524234
1.68963
3.07825
4.39244
5.05693
4.45387
2.85264
1.66177
1.23478
1.03204
0.992949
1.00737
3.6746
3.77988
3.93913
4.38809
5.73463
6.78657
7.54715
7.87755
7.80001
7.52518
7.21632
6.87711
6.46234
5.97704
5.47112
4.98918
4.55633
4.18137
3.8691
3.62423
3.48214
3.43528
3.55733
3.70963
3.9958
4.20626
4.37514
4.42104
4.35928
4.33856
4.2595
4.3202
4.19339
4.06257
3.71935
3.31786
2.9054
2.51664
2.1808
1.89731
1.64859
1.41454
1.18458
0.975706
0.788609
0.672171
0.627529
0.666188
0.810157
1.01392
1.31043
1.65441
2.10061
2.57624
3.04957
3.50422
3.88463
4.22017
4.51588
4.77152
5.00901
5.23375
5.44418
5.64081
5.78334
5.85765
5.84794
5.77204
5.56244
5.26021
4.8599
4.40847
3.9075
3.34771
2.75065
2.13192
1.49865
0.853462
0.194031
-0.484892
-1.12283
-1.67792
-2.09668
-2.37597
-2.48467
-2.49595
-2.43501
-2.31891
-2.16323
-1.92565
-1.58458
-1.1192
-0.51614
0.234996
1.18288
2.32097
3.59187
4.63167
4.99776
4.16726
2.54927
1.50422
1.07997
0.852463
0.741357
0.755584
4.23269
4.365
4.53356
4.92913
6.17833
7.23098
8.06479
8.51166
8.50146
8.21148
7.85618
7.50061
7.10296
6.64445
6.15554
5.68074
5.24735
4.86351
4.52327
4.23121
3.98259
3.87782
3.81736
3.98668
4.16679
4.43414
4.64084
4.69362
4.70869
4.63025
4.58189
4.56841
4.59789
4.39893
4.09578
3.70356
3.2804
2.87641
2.50894
2.17274
1.85819
1.56391
1.29346
1.06273
0.88892
0.793002
0.782971
0.882491
1.05981
1.32537
1.66676
2.08779
2.56214
3.06866
3.55721
3.96487
4.31563
4.60301
4.85636
5.08638
5.31021
5.52733
5.75607
5.95605
6.11529
6.21476
6.22058
6.11671
5.87964
5.49045
5.03894
4.5566
4.03629
3.48501
2.89323
2.26955
1.64851
1.02685
0.410081
-0.202205
-0.804545
-1.34852
-1.79433
-2.09493
-2.26564
-2.30166
-2.23738
-2.11017
-1.90428
-1.61898
-1.21837
-0.68138
0.00204365
0.84159
1.82582
2.93862
4.02507
4.81375
4.85529
3.82269
2.19762
1.3045
0.894006
0.682688
0.488001
0.501697
4.73437
4.94771
5.12789
5.49293
6.6477
7.6717
8.54219
9.09289
9.17537
8.89064
8.48219
8.08757
7.69823
7.27461
6.82156
6.36976
5.94822
5.56435
5.20857
4.8754
4.57012
4.33665
4.22311
4.24962
4.39577
4.64145
4.83794
4.94494
4.92763
4.85038
4.86542
4.86228
4.85722
4.71615
4.45145
4.07082
3.66423
3.26377
2.87183
2.48919
2.11982
1.77755
1.48122
1.24299
1.09206
1.00623
1.04468
1.1541
1.37334
1.66573
2.05023
2.51846
3.03298
3.57698
4.05426
4.43001
4.72074
4.94757
5.12823
5.32711
5.5253
5.74793
5.97725
6.20518
6.39524
6.51218
6.55577
6.43766
6.15495
5.70642
5.18843
4.65924
4.13874
3.59223
3.01222
2.40274
1.78811
1.20138
0.634516
0.0853094
-0.446054
-0.937223
-1.37628
-1.69599
-1.88714
-1.95545
-1.90664
-1.77372
-1.5562
-1.23411
-0.801674
-0.224703
0.51521
1.38342
2.38018
3.40726
4.30369
4.8348
4.62219
3.41307
1.81351
1.06203
0.686314
0.485365
0.319513
0.332049
5.01612
5.27673
5.58824
6.02473
7.11222
8.09725
8.96415
9.59436
9.78602
9.54442
9.09305
8.64171
8.23951
7.8484
7.44295
7.03266
6.63623
6.26335
5.90714
5.53683
5.21284
4.86912
4.70375
4.56459
4.70296
4.85189
5.02722
5.14688
5.09673
5.06699
5.03958
5.09837
5.07238
5.01535
4.7456
4.4267
4.06188
3.67716
3.27707
2.86522
2.4603
2.08829
1.77588
1.54558
1.39164
1.34937
1.37269
1.51362
1.73391
2.05473
2.4635
2.97517
3.52807
4.0808
4.53912
4.89225
5.09658
5.2471
5.36687
5.50107
5.67576
5.91545
6.14722
6.39357
6.61291
6.77127
6.82521
6.72853
6.39256
5.88372
5.30579
4.73817
4.19915
3.67115
3.10963
2.52011
1.92644
1.36014
0.850907
0.372232
-0.0830816
-0.520234
-0.891329
-1.21299
-1.42009
-1.50914
-1.49131
-1.36479
-1.15062
-0.83449
-0.387784
0.193363
0.936298
1.79262
2.73032
3.63655
4.3741
4.67792
4.26638
2.94892
1.39663
0.79007
0.453206
0.290263
0.287494
0.299185
5.26837
5.50613
5.80444
6.28089
7.41934
8.42299
9.28997
9.97747
10.2887
10.1334
9.67539
9.16424
8.72762
8.3541
8.0001
7.64567
7.29244
6.94459
6.59033
6.23624
5.8393
5.51007
5.17699
5.05358
4.99838
5.11043
5.24237
5.2994
5.30149
5.24406
5.2308
5.26332
5.28968
5.19356
5.02137
4.76392
4.45473
4.10812
3.72039
3.30438
2.88712
2.50286
2.18257
1.94899
1.81137
1.76287
1.80605
1.94087
2.15686
2.49082
2.93406
3.46214
4.05862
4.59643
5.04095
5.30308
5.47226
5.50285
5.57882
5.64171
5.82558
6.0311
6.30102
6.55735
6.78695
6.97577
7.05757
6.94584
6.58679
6.02187
5.37976
4.78121
4.23102
3.71218
3.18656
2.6204
2.05042
1.52466
1.04899
0.634864
0.26003
-0.0923572
-0.41865
-0.690652
-0.898457
-1.00878
-1.02036
-0.925132
-0.733311
-0.438498
-0.0284968
0.522355
1.2149
2.0131
2.84405
3.61682
4.20028
4.36675
3.8118
2.45117
0.980403
0.532903
0.339958
0.341745
0.360462
0.371566
5.49195
5.71102
5.99808
6.43842
7.58944
8.62948
9.49288
10.2143
10.6362
10.606
10.1938
9.64728
9.16413
8.78959
8.48022
8.19084
7.89783
7.59169
7.26603
6.89981
6.51792
6.12693
5.77489
5.53174
5.40998
5.40898
5.457
5.45545
5.48665
5.46899
5.48455
5.4934
5.45886
5.38867
5.27617
5.07302
4.83559
4.54016
4.18713
3.7925
3.38619
3.00399
2.68046
2.44001
2.2996
2.24992
2.292
2.41275
2.63154
2.96314
3.42316
3.98954
4.57715
5.11534
5.5006
5.71389
5.77277
5.78568
5.74803
5.82522
5.95821
6.18806
6.4476
6.71036
6.95523
7.1474
7.23601
7.11597
6.71085
6.0967
5.41884
4.78016
4.22863
3.73054
3.23531
2.71192
2.17011
1.67047
1.24857
0.888337
0.57718
0.309745
0.0563636
-0.170324
-0.35845
-0.480483
-0.51807
-0.462559
-0.32261
-0.0733691
0.271079
0.748883
1.34266
2.03375
2.73642
3.37923
3.83184
3.89957
3.31128
1.98528
0.66281
0.45238
0.380537
0.397126
0.420839
0.431215
5.68732
5.89155
6.18179
6.57719
7.71252
8.74952
9.58128
10.2968
10.8015
10.9115
10.6016
10.0665
9.54785
9.15771
8.88069
8.65763
8.43841
8.19153
7.91324
7.5502
7.20213
6.77217
6.39591
6.08866
5.89989
5.74894
5.68277
5.66331
5.65403
5.69904
5.70952
5.73142
5.69731
5.64222
5.51407
5.38275
5.20469
4.96063
4.65823
4.30529
3.92763
3.56062
3.23866
2.99098
2.83222
2.76885
2.80018
2.90443
3.12892
3.46514
3.94349
4.51763
5.11446
5.60753
5.92199
6.08041
6.06744
6.02765
5.98665
6.02319
6.14782
6.37852
6.63013
6.88201
7.11859
7.31357
7.38359
7.22335
6.77628
6.11671
5.40545
4.75094
4.19716
3.72798
3.27204
2.78355
2.29362
1.82102
1.43945
1.13278
0.89
0.688728
0.510927
0.339927
0.186731
0.0632539
0.00570439
0.00899066
0.0965602
0.254344
0.518412
0.877923
1.35612
1.89816
2.4547
2.96903
3.33421
3.36088
2.79764
1.5989
0.460421
0.43312
0.412994
0.438877
0.468848
0.478357
5.8552
6.0596
6.35182
6.70745
7.80361
8.8056
9.57285
10.2421
10.784
11.0233
10.8541
10.3893
9.86816
9.46379
9.20652
9.04296
8.90469
8.74241
8.49288
8.25159
7.81964
7.47061
7.05712
6.72473
6.42445
6.20642
6.00566
5.87869
5.86095
5.8709
5.96015
5.9602
5.97141
5.88991
5.79734
5.69944
5.55869
5.37248
5.1205
4.8156
4.47824
4.13786
3.82501
3.57397
3.40024
3.3187
3.32708
3.44356
3.6529
4.00553
4.49014
5.07118
5.63679
6.08082
6.33031
6.38715
6.3708
6.27873
6.25954
6.27176
6.41213
6.60785
6.85217
7.09493
7.30458
7.47235
7.51508
7.28598
6.77923
6.08681
5.35877
4.69765
4.15526
3.71307
3.30284
2.86427
2.40432
1.98828
1.63656
1.3801
1.19549
1.05896
0.948041
0.841518
0.731587
0.631139
0.552836
0.516264
0.531593
0.602902
0.737754
0.969142
1.28946
1.67447
2.08786
2.4784
2.77368
2.81814
2.34993
1.31189
0.338836
0.419089
0.432241
0.464934
0.504687
0.513196
5.99614
6.1843
6.47091
6.78917
7.84335
8.79926
9.48974
10.08
10.6118
10.9448
10.9285
10.584
10.1087
9.7077
9.46531
9.35151
9.29198
9.21392
9.08261
8.83044
8.53981
8.13473
7.78501
7.42931
7.09005
6.7561
6.38277
6.18518
6.08363
6.109
6.18089
6.27245
6.2415
6.17124
6.09857
6.02548
5.92169
5.77436
5.56628
5.30672
5.01225
4.70448
4.41356
4.16118
3.9895
3.89505
3.89578
4.00974
4.23119
4.59028
5.07857
5.64591
6.17494
6.53534
6.69833
6.7056
6.64212
6.58331
6.53718
6.58163
6.69915
6.89134
7.11042
7.33154
7.52701
7.64884
7.61734
7.31635
6.74359
6.02264
5.28924
4.63742
4.11636
3.7087
3.33972
2.95219
2.53756
2.15803
1.85152
1.63387
1.50045
1.42253
1.37594
1.33091
1.27836
1.21312
1.14062
1.07544
1.02537
1.0073
1.01847
1.0973
1.25423
1.46689
1.72606
2.00615
2.26547
2.348
2.02517
1.15434
0.291943
0.430652
0.436603
0.47705
0.528602
0.535978
5.44485
5.90822
6.44181
6.77515
7.79938
8.7214
9.3427
9.84397
10.3267
10.7082
10.8288
10.6338
10.2511
9.88409
9.66011
9.58702
9.59847
9.61379
9.5783
9.39863
9.19217
8.83968
8.55164
8.22907
7.82899
7.30361
6.90834
6.53416
6.36293
6.41256
6.49577
6.58708
6.54744
6.48283
6.42498
6.36726
6.30286
6.17059
5.99981
5.77403
5.51832
5.24519
4.97956
4.74505
4.56951
4.48974
4.499
4.62291
4.86204
5.23899
5.73339
6.26681
6.72129
6.98594
7.04073
6.99873
6.92543
6.87567
6.85059
6.88017
6.98786
7.18021
7.38353
7.58924
7.76419
7.83836
7.70573
7.31824
6.68347
5.94872
5.21909
4.58789
4.09777
3.72806
3.4036
3.05696
2.69411
2.34738
2.08322
1.90632
1.81141
1.7788
1.78665
1.80445
1.80832
1.79401
1.74845
1.68688
1.60489
1.51093
1.4313
1.37063
1.36512
1.41612
1.51399
1.69273
1.90984
2.0541
1.86914
1.13675
0.315785
0.443217
0.451428
0.484238
0.54064
0.546742
4.85791
5.30225
5.81781
6.31373
7.47247
8.47185
9.09655
9.54147
9.96532
10.3562
10.5817
10.5401
10.2839
9.98393
9.79059
9.75048
9.82211
9.92601
9.96785
9.94767
9.73894
9.59074
9.34126
9.01426
8.52081
7.98726
7.41483
6.97955
6.79483
6.78431
6.90547
6.93986
6.90109
6.82639
6.77817
6.74961
6.68569
6.5848
6.42326
6.2317
6.00339
5.76391
5.517
5.32063
5.15532
5.07378
5.15558
5.27791
5.597
5.97426
6.46585
6.9476
7.28209
7.40511
7.35159
7.23836
7.17504
7.14911
7.14786
7.1462
7.2369
7.41627
7.65415
7.8445
7.99123
8.01489
7.78924
7.29789
6.62819
5.87576
5.16548
4.56658
4.11828
3.78873
3.50322
3.19778
2.87187
2.57541
2.34012
2.19355
2.13491
2.1371
2.17867
2.23734
2.30389
2.33572
2.34657
2.31594
2.24666
2.1381
1.99171
1.85922
1.72718
1.63843
1.59741
1.65906
1.82255
2.00785
1.91658
1.26055
0.39848
0.447524
0.514141
0.546895
0.572158
0.57623
4.24502
4.67949
5.16417
5.63655
6.89827
8.02463
8.71828
9.16054
9.54479
9.926
10.2226
10.32
10.2069
10.0022
9.85538
9.84531
9.96084
10.1348
10.2827
10.3354
10.3165
10.2314
10.0618
9.71947
9.23584
8.63775
8.02768
7.58313
7.30135
7.29666
7.3849
7.38312
7.29067
7.21612
7.17749
7.15371
7.09423
7.01268
6.86719
6.68733
6.4922
6.28058
6.06099
5.87457
5.75814
5.75057
5.81599
6.0806
6.39525
6.84897
7.27561
7.64268
7.81343
7.77216
7.58834
7.39812
7.33016
7.34882
7.38405
7.38323
7.43918
7.60043
7.85401
8.10096
8.19643
8.134
7.85263
7.28888
6.57485
5.82233
5.13902
4.58841
4.18951
3.90155
3.65088
3.38213
3.0946
2.82955
2.63481
2.51846
2.47462
2.49604
2.55687
2.64014
2.72394
2.81894
2.87834
2.90728
2.88584
2.81431
2.6894
2.52665
2.35476
2.18018
2.04725
1.99109
2.07684
2.22789
2.1846
1.52719
0.557298
0.526041
0.698509
0.701769
0.666552
0.668606
3.6067
4.02559
4.50107
4.93962
6.22979
7.44106
8.21388
8.6936
9.07078
9.4442
9.78653
9.99947
10.0302
9.94105
9.85836
9.87932
10.0237
10.2477
10.479
10.6438
10.7594
10.7728
10.6538
10.3632
9.91143
9.3457
8.77591
8.22259
7.98956
7.93361
7.94596
7.88809
7.76448
7.66395
7.61615
7.57809
7.55062
7.45237
7.33057
7.17836
7.00239
6.79228
6.62656
6.45009
6.42824
6.49405
6.68112
6.98407
7.36375
7.75894
8.09638
8.26369
8.26579
8.02315
7.69366
7.47477
7.37918
7.43332
7.48636
7.58024
7.6091
7.78251
8.03282
8.27313
8.39009
8.23536
7.84716
7.28948
6.55611
5.79878
5.14164
4.65485
4.31808
4.07515
3.84925
3.61509
3.36643
3.13653
2.96505
2.87517
2.85064
2.87186
2.92214
3.01295
3.10099
3.20612
3.3166
3.39502
3.45176
3.44764
3.39815
3.29512
3.15466
2.98405
2.80791
2.67536
2.65832
2.71977
2.62753
1.92802
0.813177
0.678555
0.888404
0.900517
0.822654
0.822702
2.94345
3.35941
3.82032
4.23401
5.52768
6.77472
7.61245
8.15015
8.55298
8.93205
9.30637
9.60888
9.77239
9.80919
9.80907
9.86726
10.0302
10.2821
10.5707
10.8455
11.061
11.1739
11.1327
10.9273
10.5615
10.079
9.49023
9.0287
8.72871
8.64025
8.60849
8.47612
8.30658
8.17493
8.09273
8.05875
8.00813
7.92617
7.83062
7.69392
7.50862
7.33353
7.16238
7.11919
7.16478
7.34315
7.63558
7.94326
8.31709
8.60598
8.74329
8.75199
8.51312
8.12745
7.69461
7.38473
7.31592
7.42395
7.56004
7.63241
7.78811
7.9588
8.22136
8.46016
8.51322
8.33199
7.84611
7.23614
6.54633
5.83199
5.18889
4.76689
4.49651
4.30558
4.12226
3.90561
3.68366
3.49716
3.35105
3.27614
3.25589
3.27427
3.31646
3.35627
3.44921
3.52743
3.64922
3.77617
3.89015
3.97363
4.0267
4.02817
3.97824
3.88429
3.73441
3.57807
3.44952
3.40626
3.21296
2.42972
1.12804
0.826655
1.08062
1.11223
1.03371
1.03185
2.26191
2.66785
3.11493
3.51156
4.78404
6.0502
6.94592
7.55694
8.01016
8.41401
8.81473
9.18368
9.45895
9.62154
9.71849
9.82767
10.0057
10.267
10.5882
10.9309
11.2339
11.4371
11.4948
11.3919
11.1378
10.7137
10.2463
9.80274
9.50461
9.42609
9.33224
9.10101
8.91395
8.75926
8.64915
8.5791
8.48878
8.43886
8.34802
8.22348
8.04828
7.86903
7.74366
7.81003
7.97187
8.24502
8.51556
8.8357
9.08118
9.21413
9.21984
8.95643
8.56725
8.08734
7.58632
7.22329
7.18607
7.32119
7.58262
7.73584
7.94792
8.1727
8.40341
8.64719
8.65352
8.36722
7.89252
7.21308
6.47891
5.84381
5.33088
4.92911
4.72974
4.59308
4.44447
4.26557
4.07966
3.90384
3.7946
3.72777
3.70514
3.70382
3.71824
3.73931
3.75812
3.83645
3.91434
4.06278
4.21229
4.38464
4.51554
4.62639
4.69417
4.6986
4.63321
4.49328
4.31404
4.16895
3.85854
2.98901
1.51821
0.992485
1.26835
1.32339
1.25713
1.25379
1.77074
2.04825
2.41053
2.7831
4.02684
5.30151
6.25675
6.94732
7.4701
7.91547
8.34605
8.76266
9.12488
9.39947
9.59989
9.77415
9.97441
10.2337
10.5594
10.9311
11.2944
11.5796
11.7357
11.7399
11.575
11.2976
10.89
10.5308
10.3279
10.2011
9.99115
9.81452
9.59752
9.42041
9.2678
9.1227
9.03925
8.95336
8.89285
8.79333
8.63945
8.48961
8.48517
8.6019
8.85961
9.11377
9.40858
9.57988
9.68443
9.61451
9.37784
9.02091
8.48985
7.89479
7.36768
7.04304
7.01893
7.27704
7.53461
7.93185
8.16407
8.38594
8.7143
8.78232
8.78784
8.43905
7.91471
7.18905
6.53867
5.83005
5.41527
5.20174
5.02961
4.94013
4.83092
4.68436
4.52517
4.39376
4.29467
4.22856
4.19479
4.16841
4.13937
4.11793
4.10503
4.12005
4.20095
4.31072
4.48315
4.68226
4.8907
5.07854
5.23618
5.33645
5.36337
5.26408
5.09274
4.85071
4.52425
3.56758
1.9478
1.24149
1.48454
1.55103
1.50166
1.49692
1.35773
1.64219
1.94135
2.22407
3.3656
4.6062
5.59682
6.36161
6.95845
7.46047
7.92823
8.38484
8.81
9.17476
9.47066
9.71822
9.95138
10.207
10.515
10.8814
11.2717
11.6191
11.8597
11.9551
11.9158
11.702
11.4675
11.1981
11.0403
10.8704
10.6939
10.5337
10.3346
10.1292
9.91253
9.7328
9.58883
9.51658
9.47189
9.37583
9.26962
9.21412
9.27773
9.43777
9.70766
9.89949
10.0779
10.1641
10.0527
9.81102
9.37726
8.86601
8.30276
7.61833
7.04409
6.82324
6.88718
7.26036
7.71965
8.13372
8.49036
8.84076
8.96176
9.06316
8.88922
8.5584
7.92375
7.27105
6.51037
6.02057
5.58525
5.42332
5.44154
5.36519
5.27513
5.16833
5.03122
4.93685
4.84918
4.77722
4.71073
4.64175
4.57186
4.50807
4.46954
4.45347
4.50516
4.60082
4.77526
4.97984
5.21421
5.44809
5.65029
5.82078
5.89098
5.85086
5.68871
5.39541
5.09154
4.1692
2.4435
1.52939
1.7444
1.79533
1.7349
1.72821
0.966109
1.27443
1.58066
1.84749
2.85739
4.02273
5.01725
5.83174
6.49731
7.06144
7.57844
8.07587
8.55103
8.9826
9.35661
9.67333
9.94665
10.2032
10.4821
10.8152
11.197
11.5752
11.8796
12.0625
12.0982
12.0329
11.8741
11.7324
11.6049
11.4586
11.3864
11.2192
11.0496
10.8136
10.5751
10.3504
10.1821
10.1076
10.0382
9.94677
9.88299
9.87522
9.92466
10.1209
10.2231
10.4447
10.4303
10.4282
10.1672
9.75223
9.20944
8.54111
7.86293
7.25205
6.77473
6.63767
6.89563
7.43225
8.06849
8.52875
8.99957
9.29274
9.38815
9.35652
9.03361
8.59952
8.00964
7.35856
6.69939
6.15729
5.90597
5.84013
5.80779
5.87998
5.79054
5.68687
5.618
5.51142
5.43839
5.347
5.2282
5.11221
4.99227
4.90206
4.8299
4.83188
4.86061
4.98654
5.14516
5.36414
5.60243
5.8448
6.06874
6.24248
6.31948
6.32882
6.09036
5.85716
5.50238
4.74826
2.99816
1.88132
2.04373
2.03513
1.96901
1.96
0.595485
0.93096
1.26315
1.53984
2.46
3.55749
4.53433
5.3779
6.09687
6.7236
7.2965
7.84317
8.36511
8.84986
9.28301
9.65733
9.97086
10.2347
10.4835
10.7647
11.104
11.4755
11.8156
12.0661
12.1902
12.2292
12.1547
12.1169
12.0145
11.9929
11.9473
11.8542
11.6694
11.4479
11.192
10.9596
10.8053
10.6928
10.577
10.5078
10.4336
10.3989
10.415
10.4871
10.5674
10.6153
10.6626
10.4083
10.0579
9.4807
8.77011
8.07009
7.39007
6.83054
6.57391
6.66847
7.17692
7.85599
8.57728
9.18541
9.58856
9.7684
9.85001
9.57372
9.20011
8.63193
8.09213
7.44204
6.9924
6.53207
6.29887
6.29534
6.38357
6.33567
6.37147
6.27361
6.20288
6.14562
6.03449
5.89909
5.73058
5.5462
5.3896
5.25514
5.2102
5.22073
5.27546
5.45415
5.64373
5.88716
6.13549
6.36022
6.58031
6.70255
6.81901
6.71331
6.5579
6.28836
5.86224
5.26194
3.56692
2.26148
2.37363
2.35627
2.22975
2.21859
0.245519
0.609466
0.976512
1.26689
2.12456
3.17498
4.13902
5.00076
5.76404
6.4447
7.07478
7.67385
8.24586
8.779
9.2611
9.68231
10.0333
10.3113
10.5375
10.7618
11.033
11.3598
11.7
11.9914
12.2062
12.2848
12.3581
12.3217
12.347
12.4018
12.401
12.335
12.1814
11.9848
11.7542
11.5446
11.3835
11.2348
11.1145
11.0183
10.9558
10.8405
10.8338
10.7465
10.9146
10.7909
10.6927
10.3477
9.76376
8.99758
8.28643
7.52762
6.98382
6.62647
6.58154
7.00513
7.73219
8.55816
9.30968
9.92181
10.1837
10.3085
10.1419
9.79667
9.30812
8.7394
8.16154
7.70788
7.21735
7.01914
6.86209
6.83753
6.95754
6.96485
6.91466
6.91592
6.82897
6.7547
6.61516
6.40339
6.17334
5.93031
5.72228
5.5915
5.55727
5.56847
5.82158
5.9394
6.27258
6.55174
6.81969
7.05473
7.21493
7.32433
7.33029
7.23745
6.9116
6.64713
6.49288
5.71938
4.07883
2.6696
2.7372
2.71711
2.51755
2.50439
-0.0842145
0.302985
0.702602
1.00609
1.80811
2.83842
3.8066
4.69593
5.4976
6.22482
6.90174
7.549
8.16799
8.74884
9.27726
9.74251
10.1321
10.4334
10.653
10.8307
11.0263
11.2797
11.5816
11.8857
12.135
12.3159
12.4076
12.4828
12.595
12.6804
12.7215
12.6745
12.5669
12.4168
12.244
12.056
11.8788
11.7361
11.6306
11.494
11.4092
11.3372
11.2429
11.2761
11.1423
11.0804
10.6532
10.1377
9.31948
8.53262
7.70204
7.25732
6.77098
6.67294
7.05862
7.69221
8.5339
9.47861
10.1825
10.6014
10.8083
10.6982
10.4142
9.97839
9.40878
8.88215
8.35228
7.95875
7.68618
7.43745
7.46365
7.54732
7.53438
7.65679
7.56192
7.52933
7.48301
7.31838
7.11256
6.8383
6.5196
6.22616
5.98741
5.87352
5.84171
6.01773
6.19951
6.62745
6.95592
7.33773
7.65357
7.87969
7.97121
8.01321
7.88007
7.78887
7.56294
6.99636
6.90084
6.27885
4.57734
3.06707
3.11844
3.05659
2.83197
2.81696
0.0840318
0.159968
0.45923
0.765005
1.53258
2.5484
3.53496
4.45519
5.29593
6.0591
6.77074
7.45045
8.10523
8.72627
9.29964
9.81195
10.2464
10.5857
10.8203
10.9768
11.1109
11.2826
11.5174
11.7944
12.0621
12.2872
12.4499
12.6072
12.7625
12.8688
12.9176
12.9069
12.8528
12.7589
12.6222
12.4682
12.324
12.1913
12.0603
11.945
11.7782
11.778
11.7439
11.6387
11.4596
11.0983
10.5548
9.71813
8.86787
8.02784
7.53333
7.13309
7.16403
7.26077
7.87181
8.80595
9.65393
10.4394
11.0288
11.2613
11.2317
11.0018
10.6052
10.0939
9.55723
9.02505
8.67313
8.24379
8.15146
8.00286
8.07221
8.2026
8.21386
8.26839
8.26809
8.12881
8.02983
7.80793
7.49436
7.13194
6.75475
6.41698
6.1821
6.06537
6.11184
6.38151
6.7243
7.22199
7.73595
8.21297
8.58429
8.80891
8.89942
8.79306
8.63997
8.23105
7.93221
7.67344
7.25385
6.74262
5.03486
3.45955
3.46721
3.40984
3.1721
3.15537
0.594231
0.642554
0.756677
0.853055
1.47183
2.40731
3.36477
4.2937
5.15626
5.9439
6.67302
7.3681
8.03908
8.6855
9.29539
9.85402
10.3436
10.7339
11.0127
11.1797
11.2855
11.3915
11.5496
11.7701
12.0248
12.2677
12.4946
12.7103
12.8738
12.997
13.0568
13.0732
13.0502
13.0028
12.9171
12.8098
12.6963
12.5789
12.4279
12.2485
12.1051
12.0674
11.9212
11.8983
11.4625
10.9694
10.2214
9.49577
8.60833
7.8768
7.79267
7.7383
7.91221
8.55696
9.10854
10.0021
10.8425
11.3573
11.6941
11.7185
11.5097
11.1504
10.6979
10.201
9.71291
9.27503
8.91396
8.80984
8.43102
8.72036
8.63137
8.82713
8.95283
8.8257
8.84369
8.71353
8.42433
8.13893
7.71541
7.27863
6.84797
6.49502
6.26975
6.20751
6.40368
6.65573
7.27984
7.8606
8.54086
9.12649
9.55882
9.80334
9.84853
9.72586
9.42636
9.0656
8.49768
8.16716
7.80184
7.14466
5.41579
3.81903
3.80468
3.75187
3.47761
3.45927
1.10316
1.15783
1.28315
1.35911
1.76156
2.51756
3.36887
4.24618
5.09337
5.87707
6.60478
7.29465
7.96354
8.61485
9.24547
9.84251
10.3861
10.8445
11.1865
11.4055
11.5216
11.5982
11.693
11.8456
12.0541
12.2938
12.5458
12.779
12.9647
13.0883
13.1657
13.1882
13.1923
13.1658
13.1283
13.0927
12.9789
12.8719
12.7
12.4229
12.3208
12.0532
12.1041
11.6959
11.4177
10.5983
10.1215
9.47947
8.78042
8.47987
8.47716
8.93855
9.24326
9.93706
10.5983
11.0885
11.6966
12.0749
12.1157
11.9653
11.6052
11.1919
10.7449
10.3057
9.90461
9.61154
9.28739
9.14507
9.18575
9.05422
9.37931
9.38049
9.51299
9.47329
9.27358
9.05606
8.70632
8.25202
7.77224
7.25022
6.79005
6.44575
6.27983
6.33782
6.56836
7.12615
7.74365
8.57013
9.35894
10.0454
10.5197
10.771
10.7976
10.6354
10.2813
9.7669
9.21563
8.65669
8.26559
7.4802
5.71226
4.13893
4.03134
3.85178
3.52227
3.50221
1.61085
1.67469
1.82153
1.9508
2.2584
2.85837
3.57154
4.34942
5.13136
5.87406
6.56925
7.23312
7.8786
8.51656
9.14891
9.76907
10.3489
10.8972
11.3007
11.6109
11.7833
11.8697
11.9374
12.0317
12.1802
12.3822
12.6157
12.8407
13.0351
13.1631
13.2397
13.2813
13.2863
13.277
13.2623
13.2544
13.2129
13.0194
12.7768
12.5475
12.2515
12.1313
11.9742
11.6701
11.0924
10.5946
10.2207
9.77912
9.4221
9.47996
9.67494
10.1235
10.8731
11.0962
11.7047
12.0519
12.1649
12.4223
12.322
12.0393
11.6072
11.1658
10.7649
10.4467
10.1696
9.89931
9.81916
9.57714
9.73116
9.72834
9.87427
9.98677
9.87772
9.84359
9.58
9.19004
8.76197
8.19914
7.61917
7.05348
6.58289
6.29252
6.22844
6.41541
6.86992
7.51422
8.37675
9.27545
10.1825
10.9089
11.425
11.6509
11.6705
11.4486
11.0069
10.4179
9.72169
9.01537
8.51585
7.62135
5.81638
4.23712
3.97536
3.86556
3.56744
3.54572
2.11729
2.19634
2.36169
2.52542
2.80825
3.33289
3.93848
4.60602
5.29455
5.95873
6.58896
7.19539
7.79676
8.40172
9.00891
9.63565
10.2709
10.8046
11.3985
11.7479
12.0207
12.1715
12.2553
12.3199
12.4158
12.5586
12.7386
12.9313
13.0995
13.23
13.3072
13.3459
13.3556
13.3457
13.3291
13.349
13.3104
13.0206
12.7583
12.4464
12.132
12.1861
11.7746
11.5856
10.9672
10.8104
10.4848
10.4154
10.3655
10.4672
10.9551
11.2817
11.6973
12.1564
12.1986
12.4866
12.5744
12.4449
12.3783
11.9967
11.5682
11.1503
10.8262
10.5972
10.4768
10.3477
10.2358
10.3348
10.1448
10.3894
10.2861
10.3141
10.2344
9.96483
9.62534
9.17292
8.57647
7.97257
7.28458
6.6933
6.26401
6.07197
6.17158
6.55814
7.19955
8.04808
9.07095
10.0476
10.9695
11.6735
12.1727
12.3976
12.3791
12.1085
11.5841
10.7881
9.98861
9.32361
8.37696
7.50477
5.70721
4.24607
3.95564
3.88328
3.61245
3.58914
2.62258
2.70922
2.91934
3.06243
3.33548
3.84107
4.39079
4.97837
5.57735
6.15067
6.68849
7.21074
7.73581
8.27919
8.86172
9.44259
10.0823
10.733
11.3198
11.8351
12.213
12.4621
12.5751
12.6756
12.7351
12.8238
12.9345
13.0682
13.1993
13.3084
13.3737
13.4078
13.4096
13.3818
13.3673
13.3912
13.2444
13.0175
12.6096
12.2153
12.1828
11.9172
11.9053
11.283
11.1855
10.8809
10.9813
10.9444
11.1178
11.4117
11.8016
12.0702
12.2087
12.5004
12.6325
12.527
12.724
12.5626
12.2604
11.9445
11.5471
11.1474
10.961
10.8592
10.8372
10.8122
10.8049
10.8099
10.7964
10.6772
10.6798
10.5282
10.2944
9.946
9.47785
8.9046
8.25233
7.50418
6.83204
6.23062
5.90065
5.89012
6.20393
6.81605
7.65127
8.76273
9.73808
10.9457
11.7162
12.418
12.7154
12.9729
12.8774
12.5677
11.9121
11.1185
10.0727
9.14728
8.30108
7.14653
5.42981
4.24209
3.96315
3.86193
3.6498
3.62499
3.17918
3.20733
3.43651
3.54554
3.80466
4.30806
4.84113
5.39233
5.9374
6.43588
6.88178
7.29938
7.72597
8.1826
8.67908
9.23873
9.83414
10.563
11.1438
11.812
12.284
12.6033
12.8786
12.9767
13.0647
13.091
13.1651
13.2545
13.3232
13.4171
13.4643
13.4846
13.4621
13.429
13.3905
13.364
13.2182
12.9443
12.4057
12.1872
12.0099
12.0033
11.6968
11.4278
11.1551
11.1663
11.2243
11.3405
11.6503
12.0984
12.3034
12.4628
12.6485
12.6116
12.7521
12.8165
12.6544
12.5495
12.2731
11.8717
11.5172
11.2701
11.115
11.2223
11.2484
11.323
11.2591
11.245
11.2055
11.0026
10.8427
10.5828
10.2007
9.68593
9.14281
8.45432
7.72534
6.93319
6.25662
5.78594
5.64318
5.8756
6.43781
7.2458
8.36094
9.39656
10.7419
11.6374
12.5368
13.0277
13.3648
13.3432
13.2901
12.8238
12.0681
11.1867
10.2585
8.98773
7.92544
6.65648
5.09852
4.23869
3.9699
3.8407
3.67296
3.64678
3.79053
3.80439
3.95446
3.99442
4.21772
4.70643
5.23046
5.7751
6.30546
6.76979
7.14899
7.47153
7.78466
8.13173
8.52421
8.99794
9.6355
10.2212
11.0128
11.6119
12.1712
12.5996
12.8797
13.1296
13.2285
13.3198
13.3563
13.376
13.4933
13.5164
13.5682
13.5602
13.5382
13.4665
13.4045
13.3467
13.2282
12.7664
12.4605
12.0864
11.9963
12.0945
11.7372
11.4973
11.2692
11.4529
11.4545
11.702
12.2026
12.4857
12.8021
12.9258
12.8289
12.9362
12.8622
12.9502
12.7567
12.5198
12.2412
11.904
11.5669
11.4444
11.4525
11.5455
11.7205
11.7984
11.7656
11.5439
11.4379
11.2623
10.9085
10.444
9.94348
9.29264
8.55913
7.84707
7.06582
6.325
5.70502
5.50606
5.65251
6.16258
6.9319
7.97794
9.05674
10.3433
11.4686
12.4424
13.2823
13.6253
13.8409
13.7667
13.4704
12.9366
12.2614
11.2573
10.0115
8.80703
7.37008
6.04933
4.67785
4.21443
3.97596
3.82477
3.64365
3.61647
4.39149
4.41779
4.49382
4.46577
4.63176
5.07221
5.56156
6.09377
6.62947
7.09511
7.45085
7.70937
7.92189
8.14203
8.44136
8.78158
9.35627
10.0153
10.6865
11.3505
11.9707
12.4448
12.7796
13.0707
13.3129
13.3846
13.4233
13.5036
13.5034
13.5572
13.6164
13.5888
13.535
13.4633
13.4077
13.3261
13.1383
12.8522
12.4657
12.1441
12.2601
12.1345
12.0154
11.7206
11.7058
11.6883
11.9641
12.355
12.6799
13.0842
13.227
13.2893
13.3561
13.1017
13.1649
12.9694
12.8509
12.6411
12.2466
11.9966
11.7778
11.6711
11.7882
11.9724
12.1917
12.1934
12.1041
11.9015
11.6089
11.2969
10.8468
10.2641
9.46437
8.78325
7.94878
7.15849
6.35144
5.79248
5.44352
5.54723
6.04917
6.78047
7.74496
8.77453
9.94235
11.2219
12.1922
13.2041
13.6534
14.1613
14.1363
14.0261
13.52
12.9075
12.0266
11.0068
9.71593
8.11733
6.62856
5.28558
4.18851
4.15081
3.9375
3.63017
3.26504
3.23738
4.98225
4.99706
5.03813
4.97664
5.10416
5.46887
5.8848
6.37319
6.8997
7.3806
7.74611
7.98213
8.12569
8.24702
8.38973
8.68311
9.10541
9.77842
10.3871
11.0341
11.7099
12.1858
12.6337
13.0164
13.2268
13.4282
13.5473
13.4894
13.4431
13.4899
13.4375
13.4532
13.3845
13.3905
13.3127
13.2025
13.1217
12.9406
12.5716
12.5862
12.5037
12.4862
12.4142
12.2526
12.2711
12.3421
12.6276
13.076
13.3191
13.6193
13.7435
13.7068
13.6825
13.5612
13.2363
13.1747
12.9686
12.661
12.4798
12.2068
12.0522
12.0645
12.1875
12.3652
12.761
12.5845
12.422
12.0934
11.7566
11.2379
10.7075
9.97665
9.13058
8.22201
7.4042
6.58842
5.94739
5.5219
5.68927
6.09636
6.82374
7.67412
8.60523
9.6805
10.8964
11.9118
12.9874
13.6708
14.2008
14.3257
14.3322
13.9553
13.4214
12.5421
11.4998
10.3059
8.94798
7.16589
5.62452
4.36861
3.5663
3.84274
3.54043
3.1771
2.81118
2.78315
5.56752
5.54765
5.57217
5.50244
5.62534
5.92216
6.25051
6.66057
7.14638
7.62687
8.01464
8.26209
8.37853
8.41835
8.45088
8.61697
8.96865
9.4737
10.0833
10.7125
11.2976
11.844
12.3697
12.8294
13.1505
13.4423
13.5622
13.532
13.4742
13.3846
13.3679
13.2881
13.2691
13.1607
13.2002
13.127
13.0563
12.9674
12.9736
12.9673
13.0038
13.0489
12.9844
12.9687
12.9651
13.1483
13.5295
13.6355
14.0298
14.078
14.2373
14.2418
13.8973
13.8763
13.5528
13.2847
13.1424
12.9222
12.7321
12.5842
12.5338
12.5506
12.6475
12.9001
12.9008
13.0877
12.6993
12.3036
11.6648
11.2079
10.5288
9.66775
8.94908
7.94206
7.20377
6.49079
6.10044
6.07835
6.41764
7.08989
7.79901
8.58449
9.44805
10.5564
11.6781
12.7249
13.6162
14.1202
14.4386
14.4957
14.244
13.6955
12.9031
11.8672
10.641
9.27394
7.70958
6.13233
4.45059
3.40927
2.8264
3.29951
3.05091
2.7184
2.3545
2.32614
6.11761
6.07338
6.08415
6.01891
6.15006
6.40952
6.65836
6.97741
7.39399
7.84959
8.25249
8.5297
8.64853
8.65649
8.63728
8.61227
8.89495
9.22969
9.6864
10.2847
10.7951
11.4454
12.0515
12.4511
13.0216
13.3189
13.5311
13.6207
13.5189
13.5265
13.5221
13.3508
13.2351
13.2359
13.1342
13.1124
13.0396
13.1328
13.2568
13.3312
13.5345
13.6365
13.6118
13.6662
13.6615
13.9212
14.0867
14.2717
14.4597
14.6708
14.6835
14.6194
14.4557
14.0734
13.9364
13.5738
13.3364
13.3166
13.214
13.1667
13.1407
13.1468
13.1732
13.2418
13.1753
13.1735
12.9663
12.4015
11.7962
11.0654
10.3949
9.76826
8.88905
8.16541
7.40936
7.03943
6.87906
7.13459
7.52802
8.12318
8.64468
9.38466
10.288
11.3269
12.4755
13.508
14.0631
14.5641
14.5859
14.409
13.946
13.2103
12.1189
10.8269
9.49585
8.02462
6.46152
4.88911
3.49117
2.53661
2.0601
2.68701
2.52806
2.2423
1.89469
1.86601
6.389
6.53341
6.53817
6.46275
6.6036
6.84098
7.03544
7.27691
7.62386
8.0425
8.45013
8.7519
8.93011
8.92088
8.8611
8.83877
8.86318
9.06283
9.39187
9.74893
10.3731
10.9449
11.4842
12.1149
12.5262
13.064
13.3973
13.4421
13.6612
13.6867
13.62
13.5519
13.4296
13.4459
13.2704
13.1964
13.2244
13.32
13.4573
13.6863
13.8968
14.043
14.1691
14.1682
14.2318
14.3131
14.4803
14.8037
14.9012
15.101
15.2114
15.0637
14.9853
14.5352
14.0862
13.9762
13.8223
13.8069
13.8495
13.8583
13.7954
13.7408
13.7141
13.4458
13.5497
13.2186
13.0076
12.5103
11.9275
11.1072
10.5721
10.0173
9.27851
8.77603
8.23059
7.92467
7.99107
8.14714
8.4913
8.82067
9.3747
10.0547
11.1149
12.2758
13.2677
14.1117
14.6611
14.7231
14.6168
14.1596
13.4629
12.4094
11.0898
9.59529
8.13198
6.77312
5.34014
3.83245
2.73794
1.87834
1.37703
2.07376
2.00473
1.74913
1.41772
1.38878
6.20234
6.33701
6.53363
6.61006
6.80135
7.06492
7.25134
7.46239
7.76936
8.16178
8.5726
8.9331
9.11744
9.19927
9.16175
9.09369
9.01508
9.0455
9.13647
9.45436
9.86447
10.3891
10.9223
11.5039
12.0597
12.5343
12.9352
13.3238
13.4962
13.6814
13.7309
13.6802
13.723
13.5757
13.6003
13.4502
13.48
13.5825
13.7337
13.9495
14.167
14.3674
14.5229
14.5938
14.7302
14.7707
14.9942
15.2205
15.4378
15.5662
15.6384
15.5966
15.3395
15.048
14.6039
14.4553
14.5935
14.5144
14.5168
14.4943
14.4137
14.2712
14.0174
13.8503
13.5138
13.4526
13.0655
12.6559
12.0513
11.4573
10.8572
10.4167
10.0105
9.4409
9.14017
8.89289
8.79958
8.90151
9.06711
9.3458
9.9983
10.8988
12.0605
13.168
14.214
14.7869
15.0368
14.8535
14.3441
13.6678
12.7201
11.4434
9.82444
8.30815
6.75499
5.62256
4.33919
3.12527
2.10905
1.37157
0.762479
1.47198
1.47576
1.24713
0.927514
0.898341
5.98827
6.09688
6.27092
6.37192
6.66514
6.99713
7.22738
7.4558
7.76491
8.15897
8.59396
8.98661
9.28062
9.44742
9.46476
9.39108
9.33592
9.17465
9.16158
9.292
9.56624
9.95118
10.4439
10.8834
11.4769
11.9101
12.4215
12.9029
13.1984
13.4846
13.5988
13.7393
13.8024
13.8322
13.8009
13.7907
13.8326
13.9127
14.0536
14.2295
14.4243
14.6182
14.7972
15.032
15.1326
15.4058
15.6131
15.6585
15.9045
16.0126
15.977
15.9447
15.7763
15.581
15.509
15.3125
15.2444
15.2826
15.1008
14.9904
14.8675
14.638
14.3531
13.9792
13.6558
13.4324
13.3131
12.8264
12.3051
11.9534
11.2857
10.9055
10.5705
10.1218
9.74331
9.48297
9.28618
9.31506
9.49029
10.0268
10.7726
11.9279
13.1222
14.1981
15.0482
15.4452
15.2992
14.7585
13.8353
12.8697
11.7743
10.242
8.61616
6.88856
5.67503
4.44394
3.46127
2.4882
1.68221
0.877911
0.105289
0.837542
0.944454
0.832561
0.739537
0.710742
5.7472
5.83033
5.98839
6.08955
6.39026
6.74312
7.00465
7.26442
7.5968
8.01406
8.48234
8.93621
9.34818
9.58304
9.75054
9.77818
9.64626
9.51415
9.40398
9.36006
9.50476
9.72394
10.0491
10.4662
10.8366
11.3734
11.9034
12.3127
12.8068
13.0409
13.3515
13.5899
13.7342
13.9403
13.9844
14.0972
14.1708
14.2573
14.3822
14.5263
14.6843
14.8664
15.0758
15.2963
15.5381
15.6895
15.9132
16.0585
16.1998
16.2612
16.2636
16.1511
16.1102
16.058
15.9716
15.9887
15.5655
15.597
15.6061
15.2615
15.1525
14.918
14.5752
14.145
13.771
13.4836
13.1967
13.1251
12.6247
12.0986
11.9251
11.3349
10.9046
10.5467
10.1567
9.84769
9.71764
9.76914
10.1969
10.8874
11.949
13.1486
14.2599
15.1543
15.6479
15.8242
15.3985
14.4044
13.1863
11.7932
10.4865
9.07011
7.3483
5.7232
4.52815
3.49875
2.66487
1.91307
1.25087
0.393345
-0.501528
0.353264
0.757779
0.8465
0.76884
0.740749
5.47959
5.53603
5.69115
5.79394
6.07731
6.40724
6.66942
6.94415
7.29798
7.73935
8.24624
8.776
9.24015
9.642
9.92289
10.0401
10.0208
9.96425
9.78895
9.69232
9.626
9.738
9.86553
10.1372
10.4909
10.8989
11.3293
11.8463
12.1905
12.6321
12.982
13.2315
13.6242
13.8467
14.123
14.2571
14.3928
14.5307
14.6527
14.7794
14.9286
15.1091
15.3333
15.5513
15.7637
15.9017
16.0453
16.2957
16.374
16.4437
16.4334
16.3694
16.2893
16.2451
16.1898
16.0252
15.9837
15.6334
15.7728
15.62
15.3254
15.0894
14.7526
14.3726
13.9512
13.5769
13.3444
12.9836
13.0248
12.4198
12.0257
11.6744
11.161
10.7922
10.4949
10.3053
10.3398
10.6253
11.3133
12.2368
13.2966
14.4616
15.3516
15.908
15.8654
15.6297
15.0966
13.996
12.4253
10.7631
9.0326
7.66066
6.10511
4.90979
3.64848
2.83822
2.05694
1.33698
0.731037
-0.0746008
-0.940768
0.185579
0.754778
0.869816
0.795003
0.767518
5.1858
5.22121
5.36445
5.45933
5.72525
6.02517
6.27122
6.54518
6.90517
7.35992
7.88959
8.47376
8.99311
9.53401
9.89219
10.1545
10.3246
10.3202
10.2426
10.1052
9.9996
9.90443
9.94005
10.0675
10.2488
10.567
10.9368
11.2885
11.7391
12.1189
12.4543
12.9238
13.3273
13.7048
13.9851
14.2635
14.4727
14.6415
14.7942
14.9449
15.1118
15.3108
15.5351
15.776
15.971
16.1064
16.3337
16.4519
16.5421
16.6064
16.5921
16.5482
16.48
16.4089
16.3576
16.1788
16.1094
16.0742
15.6671
15.9316
15.4621
15.2308
14.9521
14.5977
14.2217
13.8499
13.5603
13.2346
12.8457
12.7921
12.0362
11.7387
11.4478
11.0803
10.9689
11.0386
11.2955
11.8982
12.6567
13.7049
14.7541
15.5133
16.1802
16.1967
15.8705
15.0184
14.1964
13.2622
11.7688
9.90396
8.04307
6.33502
5.23727
4.17289
3.24154
2.38077
1.57334
0.761459
0.136819
-0.593049
-1.27599
0.106843
0.765091
0.890347
0.81862
0.79164
4.83427
4.87573
4.99319
5.07492
5.32073
5.59204
5.82074
6.08362
6.43714
6.8869
7.41882
7.99296
8.61425
9.1452
9.68571
10.0868
10.383
10.5349
10.6101
10.5359
10.4013
10.2911
10.2328
10.1637
10.2948
10.4557
10.6759
10.9398
11.2974
11.601
12.0352
12.5134
12.9376
13.3848
13.7398
14.0978
14.3636
14.5912
14.8008
14.9982
15.204
15.4278
15.6669
15.9179
16.0918
16.3341
16.4657
16.6028
16.6873
16.7354
16.7443
16.7192
16.6752
16.6067
16.4837
16.4576
16.2241
16.1841
16.0143
15.706
15.7307
15.4163
15.1728
14.9086
14.5589
14.2427
13.7539
13.4843
12.9031
12.4871
12.2726
11.8684
11.7764
11.7254
11.7717
12.0687
12.5938
13.2842
14.1235
14.9317
15.7339
16.2406
16.3571
16.1939
15.4339
14.3475
13.2104
12.1698
10.927
9.26124
7.58087
6.06505
4.89757
3.80181
2.95283
1.99761
0.942824
0.170983
-0.533887
-1.15728
-1.57438
0.0421048
0.786552
0.917088
0.840361
0.813789
4.401
4.44192
4.57589
4.6447
4.86112
5.10796
5.31454
5.56235
5.89662
6.32311
6.8311
7.39311
8.01417
8.61694
9.23411
9.76371
10.1967
10.5739
10.78
10.8433
10.82
10.7432
10.6617
10.5687
10.5706
10.579
10.676
10.8332
10.9525
11.2993
11.6586
12.0818
12.5608
12.9732
13.4609
13.8015
14.1355
14.4397
14.7027
14.9538
15.2049
15.4627
15.7244
15.965
16.2125
16.372
16.5944
16.6816
16.7951
16.8654
16.8996
16.8838
16.872
16.7819
16.6925
16.5906
16.5606
16.2398
16.299
15.8691
15.9215
15.7123
15.5053
15.2365
14.9211
14.4936
14.1622
13.5962
13.3079
12.788
12.7832
12.5336
12.4024
12.6714
12.9124
13.3556
13.9656
14.6122
15.2854
15.8012
16.0898
16.2188
15.9764
15.6306
14.9088
13.6492
12.547
11.331
10.1513
8.82681
7.43283
6.16553
4.89146
3.7832
2.67577
1.49045
0.426756
-0.548004
-1.21248
-1.73324
-1.86363
0.0152482
0.855585
0.936638
0.859824
0.833563
3.96976
4.02046
4.16212
4.21085
4.38582
4.58944
4.76557
4.98743
5.29242
5.68026
6.14701
6.69566
7.26577
7.95149
8.56721
9.21681
9.8111
10.3297
10.7053
10.9877
11.1187
11.1587
11.1256
11.1578
11.0
11.0186
10.9049
10.8959
11.017
11.1638
11.471
11.8528
12.2709
12.7288
13.1395
13.5463
13.9211
14.2554
14.5702
14.8712
15.1699
15.4663
15.7567
16.0323
16.2758
16.482
16.6876
16.8068
16.9451
17.0337
17.078
17.0868
17.0005
17.0099
16.8943
16.7383
16.7079
16.6774
16.2733
16.4489
16.1463
16.021
15.8148
15.5218
15.1689
14.7965
14.3599
14.0158
13.6105
13.4333
13.254
13.3688
13.3454
13.6116
14.0707
14.5322
15.0207
15.5142
15.8047
15.979
15.9174
15.5538
15.0938
14.5744
14.0924
13.2954
12.0905
10.8778
9.62311
8.38269
7.13721
6.0246
4.67576
3.51551
2.32232
0.990172
-0.121452
-1.02547
-1.8272
-2.19953
-2.0467
0.00557794
0.937249
0.965089
1.07992
1.05374
3.54053
3.60043
3.75469
3.80562
3.91981
4.06412
4.1962
4.38096
4.64627
4.99221
5.41657
5.92275
6.50099
7.13622
7.83567
8.52512
9.224
9.86172
10.4727
10.8914
11.2262
11.4708
11.5311
11.6152
11.662
11.4924
11.3941
11.3178
11.3379
11.4137
11.6468
11.9394
12.288
12.6732
13.0612
13.4516
13.821
14.1781
14.5237
14.8681
15.2064
15.548
15.8748
16.1867
16.4364
16.716
16.8678
17.0615
17.1848
17.2701
17.3056
17.2941
17.2071
17.1217
17.0901
17.0052
16.8302
16.7558
16.6905
16.5572
16.395
16.2154
15.9588
15.6596
15.3126
14.9405
14.575
14.2743
14.0291
13.9104
13.8513
14.1407
14.3304
14.4578
14.8007
15.1182
15.3968
15.574
15.6367
15.4729
15.1928
14.736
14.1274
13.7055
13.207
12.6008
11.558
10.4113
9.12994
7.83182
6.59035
5.36534
4.23951
2.98001
1.7121
0.445273
-0.733035
-1.47347
-2.00646
-2.37239
-2.03542
0.10823
1.25074
1.51631
1.65474
1.62833
3.11324
3.17889
3.34343
3.41454
3.46317
3.54986
3.63221
3.77438
3.9984
4.30374
4.69492
5.16726
5.73739
6.36467
7.05971
7.78485
8.55625
9.31961
9.97696
10.6375
11.1522
11.4778
11.8546
11.983
12.1066
12.0913
12.0219
11.9779
11.9596
12.0751
12.2047
12.4188
12.6853
12.9953
13.3156
13.6667
14.0069
14.3617
14.7184
15.0933
15.4598
15.8267
16.1887
16.4988
16.8107
17.037
17.2463
17.412
17.5097
17.5732
17.5815
17.5153
17.4638
17.3153
17.2295
17.2055
17.1379
16.9252
16.8955
16.6332
16.4782
16.2282
15.9407
15.629
15.3004
14.973
14.7086
14.4981
14.4216
14.4155
14.635
14.6504
14.782
14.7818
14.8144
14.8749
14.8921
14.8764
14.7498
14.5313
14.1886
13.7913
13.3336
12.8144
12.3705
11.543
10.7331
9.64787
8.4243
7.13241
5.94155
4.64725
3.47052
2.25963
1.043
-0.265959
-1.2326
-1.82632
-1.99444
-2.12592
-1.69079
0.470359
1.74068
2.07315
2.21927
2.19261
2.68789
2.75817
2.91563
3.00896
3.01549
3.06387
3.10422
3.20947
3.39374
3.66485
4.02701
4.4849
5.02839
5.65406
6.33274
7.09855
7.81168
8.63981
9.4484
10.1326
10.7664
11.3386
11.8115
12.1864
12.4217
12.5894
12.64
12.7463
12.847
12.9054
13.072
13.2455
13.4776
13.7017
13.995
14.2564
14.6044
14.9193
15.2826
15.6069
16.0268
16.3817
16.7205
17.0496
17.2806
17.5382
17.7206
17.8197
17.899
17.896
17.8622
17.7995
17.6649
17.5965
17.4779
17.3139
17.2874
17.2235
16.8822
16.6976
16.4154
16.0965
15.7751
15.4537
15.1524
14.9068
14.7184
14.6191
14.5598
14.5355
14.5159
14.4612
14.2903
14.1573
13.9829
13.8912
13.7494
13.6509
13.5501
13.3788
13.1335
12.797
12.4052
11.9432
11.3112
10.6309
9.75308
8.71399
7.56271
6.36701
5.06885
3.92097
2.64457
1.43099
0.268855
-0.880037
-1.7207
-1.93643
-1.80222
-1.64032
-1.16616
0.852176
2.19014
2.56432
2.75472
2.72802
2.42294
2.3473
2.51448
2.63429
2.63331
2.65839
2.6692
2.73567
2.88068
3.11378
3.44407
3.8761
4.40012
5.00236
5.67358
6.35758
7.14473
7.89451
8.72458
9.51142
10.1727
10.9308
11.4944
12.0827
12.5319
12.8287
13.1634
13.4191
13.5921
13.8145
13.9872
14.2444
14.4673
14.7038
14.9467
15.2165
15.4676
15.8045
16.086
16.4551
16.7287
17.114
17.4081
17.6779
17.8891
18.022
18.1856
18.2403
18.2595
18.2008
18.1212
18.0334
17.9091
17.7761
17.6354
17.521
17.3463
17.1325
16.9025
16.5806
16.2178
15.8508
15.494
15.1779
14.9299
14.7459
14.6119
14.4709
14.2876
14.0644
13.7248
13.4524
13.097
12.797
12.5641
12.385
12.4175
12.2666
12.2712
12.2476
12.1212
11.9059
11.5772
11.1258
10.5271
9.77298
8.85248
7.796
6.64759
5.43046
4.22484
2.97776
1.74936
0.566332
-0.52198
-1.47466
-2.0026
-1.94773
-1.46057
-0.970881
-0.528268
1.21393
2.56572
2.98556
3.22291
3.19621
2.60415
2.47115
2.51346
2.50915
2.46853
2.44325
2.40359
2.41493
2.50294
2.67931
2.958
3.34196
3.82725
4.39364
5.01374
5.67093
6.41135
7.13801
7.89654
8.68424
9.46294
10.1756
10.9338
11.643
12.1899
12.8052
13.2847
13.7201
14.092
14.4228
14.7485
15.0778
15.3853
15.6645
15.9098
16.1916
16.4356
16.6614
16.969
17.236
17.4993
17.7566
18.0302
18.1942
18.3641
18.4539
18.5229
18.5705
18.4799
18.4296
18.3222
18.2021
18.0856
17.9376
17.7507
17.5532
17.3543
17.0363
16.7249
16.3364
15.9214
15.5129
15.1503
14.8694
14.6628
14.4916
14.2853
13.9789
13.5364
12.9701
12.4129
11.8532
11.422
11.0828
10.876
10.8354
10.8934
11.044
11.08
11.1561
11.1846
11.0957
10.8749
10.4687
9.86049
9.03367
8.029
6.89931
5.69126
4.45856
3.22495
1.9882
0.781461
-0.343419
-1.2912
-1.97925
-2.25845
-1.83707
-0.992173
-0.183173
0.177437
1.54761
2.86333
3.33609
3.62246
3.59567
2.7937
2.67577
2.76746
2.73837
2.60956
2.48668
2.36025
2.29056
2.29161
2.38269
2.57896
2.89213
3.30081
3.80586
4.36398
5.00526
5.58731
6.34654
7.04577
7.6739
8.51836
9.23367
10.022
10.7729
11.542
12.2417
12.9286
13.5225
14.1003
14.5346
15.0329
15.4745
15.8869
16.2089
16.5396
16.8047
17.0978
17.2849
17.4489
17.6936
18.0027
18.1193
18.2962
18.4646
18.528
18.6311
18.6576
18.6649
18.592
18.5011
18.4051
18.3083
18.171
17.9863
17.7683
17.504
17.1704
16.8255
16.4089
15.9721
15.5337
15.1277
14.7992
14.5499
14.3288
14.046
13.6215
13.0103
12.2411
11.4162
10.6431
10.0178
9.56789
9.31353
9.21907
9.35997
9.51261
9.7775
9.97689
10.1519
10.2829
10.3301
10.2069
9.84313
9.19099
8.27547
7.16531
5.9383
4.66655
3.39555
2.13778
0.909563
-0.253866
-1.27552
-2.04652
-2.48179
-2.44158
-1.72982
-0.401936
0.640425
0.830909
1.78598
3.06561
3.60318
3.88275
3.85616
2.99153
2.91815
3.03594
3.029
2.89872
2.7208
2.51645
2.35386
2.25699
2.23549
2.32983
2.53103
2.8611
3.26562
3.77462
4.26794
4.88215
5.4441
6.06465
6.76106
7.35029
8.08954
8.89215
9.60921
10.4413
11.2336
12.0328
12.7987
13.4285
14.0608
14.6159
15.2125
15.6915
16.0884
16.4687
16.8429
17.0868
17.3237
17.4479
17.6551
17.8238
18.0453
18.148
18.3053
18.3862
18.4392
18.5313
18.5399
18.5177
18.418
18.3661
18.2709
18.1144
17.8898
17.5955
17.2395
16.8379
16.3986
15.9462
15.503
15.0895
14.7357
14.4485
14.1797
13.8255
13.2861
12.5173
11.5562
10.5136
9.53813
8.7288
8.14615
7.81201
7.70156
7.80382
7.971
8.32644
8.55105
8.85287
9.12783
9.36482
9.50547
9.43895
9.05682
8.33152
7.31316
6.1034
4.80568
3.49288
2.20171
0.938112
-0.271692
-1.36637
-2.25865
-2.854
-3.03903
-2.64856
-1.52065
0.219463
1.38648
1.31875
1.86289
3.0391
3.50092
3.71541
3.69086
3.19751
3.18622
3.30508
3.31934
3.22393
3.04332
2.79782
2.57781
2.36343
2.2462
2.22422
2.32082
2.52728
2.86277
3.23816
3.68878
4.12792
4.65459
5.13648
5.72694
6.24171
6.91565
7.52865
8.32096
9.06212
9.90274
10.731
11.499
12.2107
12.899
13.5728
14.1973
14.7541
15.2207
15.6612
16.0924
16.4502
16.6497
16.8801
17.0064
17.1967
17.4124
17.5767
17.7436
17.9041
18.0352
18.1638
18.2304
18.239
18.2025
18.1521
18.0321
17.8286
17.5332
17.1542
16.716
16.2481
15.7798
15.3451
14.9575
14.6231
14.3363
14.0516
13.6647
13.0548
12.1613
11.0295
9.79193
8.60597
7.6262
6.92467
6.48774
6.31641
6.38501
6.57458
6.86325
7.11444
7.40262
7.69111
8.00589
8.30988
8.48935
8.39808
7.94099
7.11175
6.00055
4.73281
3.41435
2.10911
0.833859
-0.406506
-1.58336
-2.60163
-3.36564
-3.77594
-3.69377
-2.84984
-1.16885
0.806194
1.94568
1.54316
1.66731
2.76319
3.27144
3.52493
3.5024
3.41155
3.451
3.57213
3.60275
3.54117
3.38378
3.14428
2.89232
2.60235
2.40299
2.28276
2.28435
2.39819
2.61878
2.89712
3.22074
3.59252
3.97087
4.43068
4.75122
5.28304
5.77795
6.31387
7.03284
7.71008
8.44597
9.20274
9.91816
10.6622
11.3431
12.0497
12.6848
13.2564
13.7904
14.3225
14.7818
15.2261
15.5347
15.7452
16.0161
16.2636
16.4657
16.7478
16.9712
17.2473
17.4923
17.6741
17.7797
17.8045
17.7961
17.6918
17.5082
17.2252
16.8431
16.3896
15.9045
15.4281
15.0032
14.651
14.3661
14.1245
13.8749
13.5199
12.9275
12.0053
10.7776
9.38144
8.00927
6.83065
5.94697
5.44409
5.2041
5.1633
5.3276
5.57093
5.79763
6.00412
6.20521
6.45785
6.76047
7.0491
7.17549
6.99087
6.41255
5.47874
4.30742
3.03626
1.75458
0.500604
-0.73185
-1.92997
-3.06217
-4.03953
-4.68545
-4.87492
-4.41988
-3.10024
-0.888947
1.32171
2.27112
1.58723
1.45221
2.48371
3.02403
3.31227
3.29173
3.75294
3.72544
3.84258
3.88475
3.84642
3.71964
3.5211
3.22369
3.00204
2.66654
2.51803
2.44264
2.4753
2.5716
2.74815
3.00609
3.28755
3.58799
3.86537
4.18891
4.57479
4.86715
5.52254
6.00292
6.54838
7.21318
7.83055
8.48744
9.12422
9.81629
10.4384
11.0685
11.6433
12.2223
12.7764
13.3275
13.7758
14.1958
14.5587
14.8924
15.2117
15.557
15.8948
16.2557
16.5788
16.8606
17.0796
17.2236
17.1697
17.0975
16.9181
16.6353
16.2645
15.8218
15.3424
14.873
14.4651
14.1412
13.901
13.7158
13.53
13.2578
12.7731
11.9546
10.7744
9.33892
7.83778
6.46765
5.4106
4.70178
4.33693
4.33336
4.38687
4.43714
4.64526
4.78447
4.88857
4.98749
5.15372
5.38686
5.57295
5.56965
5.23347
4.52344
3.50663
2.32148
1.09152
-0.112376
-1.30894
-2.4888
-3.67568
-4.77649
-5.69678
-6.24989
-6.11305
-5.12084
-3.22684
-0.697503
1.62717
2.3539
1.49696
1.24234
2.20885
2.76464
3.07959
3.061
4.32603
4.23886
4.25753
4.24628
4.18642
4.06994
3.91011
3.65587
3.37699
3.12594
2.90795
2.74365
2.70192
2.72883
2.85888
3.01275
3.23667
3.47124
3.64936
3.94445
4.14042
4.62093
5.03378
5.40048
5.91162
6.41492
6.91656
7.47111
8.03508
8.61272
9.19495
9.7717
10.3427
10.9
11.4768
12.0561
12.5815
13.0604
13.5256
13.948
14.3673
14.7962
15.1905
15.6041
15.9113
16.1677
16.3201
16.3694
16.2884
16.0436
15.7748
15.4256
15.0137
14.5759
14.1449
13.7504
13.4529
13.2393
13.0858
12.9456
12.7525
12.4051
11.7809
10.7993
9.4962
8.02093
6.56429
5.31133
4.40559
3.89269
3.68771
3.70573
3.79145
3.80506
3.75886
3.7984
3.776
3.81307
3.83851
3.93356
3.95731
3.76055
3.24548
2.40792
1.34432
0.184532
-0.976382
-2.11552
-3.2504
-4.44001
-5.62691
-6.70365
-7.49137
-7.79972
-7.23419
-5.56136
-3.0789
-0.364539
1.69876
2.22888
1.31641
1.02643
1.93894
2.49205
2.82789
2.81123
4.87782
4.7645
4.75907
4.72894
4.6108
4.49435
4.30556
4.16751
3.83781
3.65416
3.37115
3.25249
3.07092
3.07621
3.15636
3.27443
3.44027
3.55262
3.74176
3.92416
4.28145
4.66415
4.88666
5.33055
5.71577
6.10568
6.54249
6.98468
7.46694
7.97126
8.51786
9.02088
9.534
10.0919
10.6767
11.2385
11.7929
12.3122
12.8005
13.2679
13.7321
14.1626
14.5638
14.8683
15.095
15.2225
15.2703
15.1519
14.9938
14.6819
14.3338
13.9972
13.6295
13.2791
12.9348
12.6676
12.429
12.2831
12.1575
11.9967
11.74
11.2973
10.5738
9.53825
8.26117
6.89149
5.59407
4.51176
3.76299
3.41657
3.28242
3.26762
3.27193
3.22417
3.07886
2.92472
2.81194
2.70573
2.64432
2.51296
2.31693
1.89275
1.19136
0.239853
-0.847076
-1.95774
-3.0567
-4.15237
-5.27345
-6.4796
-7.64066
-8.60184
-9.07415
-8.85761
-7.75589
-5.51967
-2.54838
0.112548
1.71392
1.97954
1.0917
0.811549
1.66658
2.20716
2.55506
2.54032
5.40891
5.27151
5.25136
5.23848
5.10266
4.968
4.8011
4.63738
4.41861
4.20085
3.99057
3.76328
3.65587
3.54592
3.55967
3.683
3.70199
3.79028
3.94881
4.24648
4.56767
4.76896
5.12481
5.45572
5.83249
6.1463
6.52446
6.8857
7.32907
7.80913
8.27139
8.73684
9.21979
9.7446
10.2733
10.813
11.3159
11.8041
12.2618
12.7015
13.0939
13.4408
13.7104
13.8717
13.9383
13.8844
13.7666
13.6192
13.3498
13.0926
12.8005
12.5432
12.3158
12.0513
11.8359
11.6124
11.4304
11.2527
11.0756
10.8549
10.5097
9.97764
9.21512
8.22608
7.08612
5.91289
4.83643
3.9395
3.36413
3.07996
2.96781
2.90591
2.83212
2.65885
2.50396
2.25537
2.03354
1.80354
1.57909
1.25516
0.768251
0.0912624
-0.793892
-1.82719
-2.91626
-4.00538
-5.05203
-6.11185
-7.24708
-8.36293
-9.38775
-10.039
-9.99573
-9.02809
-7.23059
-4.77732
-1.7895
0.762566
1.93516
1.76488
0.865783
0.579979
1.32154
1.74251
1.92604
1.91305
5.91977
5.76467
5.73339
5.73257
5.60735
5.4742
5.35585
5.05413
5.06151
4.76634
4.56996
4.36573
4.21577
4.05173
4.00545
4.01595
4.04087
4.08692
4.30097
4.56572
4.76575
5.03433
5.35741
5.68975
6.01454
6.32457
6.61388
6.97374
7.39287
7.80629
8.23071
8.66776
9.10693
9.54263
10.0189
10.4512
10.8722
11.2562
11.6133
11.9282
12.1801
12.3547
12.4477
12.4337
12.3182
12.1622
11.9527
11.797
11.6435
11.4936
11.3616
11.2557
11.1582
11.0083
10.8223
10.5924
10.3993
10.1683
9.88947
9.54928
9.11001
8.51706
7.76096
6.88101
5.92816
4.98766
4.14125
3.46523
3.01961
2.77071
2.67145
2.5468
2.38324
2.22148
1.97835
1.71668
1.39333
1.09658
0.683013
0.158504
-0.572065
-1.49684
-2.56921
-3.67549
-4.77402
-5.81403
-6.84323
-7.86858
-8.89547
-9.81005
-10.4858
-10.5557
-9.86318
-8.25583
-5.80071
-3.0605
-0.672814
1.34088
2.26538
1.71778
0.657765
0.242395
0.833524
1.17483
1.32633
1.31508
6.41042
6.24015
6.20076
6.19279
6.10152
5.98886
5.80094
5.7192
5.47648
5.30274
5.1416
4.97887
4.65954
4.49506
4.46664
4.40317
4.36218
4.45819
4.60799
4.74399
4.94171
5.22773
5.51972
5.88898
6.14139
6.4261
6.69607
7.03614
7.37064
7.75713
8.13151
8.51212
8.86495
9.2369
9.58846
9.88917
10.1561
10.3921
10.5965
10.7285
10.798
10.7987
10.7159
10.5708
10.381
10.196
10.0709
10.003
10.0607
10.1066
10.1675
10.2031
10.1649
10.0814
9.85768
9.60547
9.32236
9.018
8.63656
8.15842
7.60595
6.97415
6.25652
5.50019
4.73707
4.01286
3.39028
2.91804
2.57505
2.43286
2.26914
2.1288
1.96854
1.76453
1.51753
1.20389
0.866807
0.460048
-0.045509
-0.748173
-1.65324
-2.7519
-3.96329
-5.16192
-6.26343
-7.28714
-8.26237
-9.1754
-9.94377
-10.4815
-10.5338
-9.98106
-8.57694
-6.45523
-3.81309
-1.13924
1.01589
1.98489
2.3451
1.68981
0.468688
-0.104518
0.3528
0.639561
0.756633
0.747102
6.7919
6.68983
6.63905
6.61967
6.52707
6.42095
6.27378
6.18498
5.87493
5.86803
5.61107
5.34396
5.10432
4.95872
4.86707
4.73587
4.70209
4.74854
4.78726
4.87146
5.08646
5.33506
5.64606
5.90947
6.18975
6.4066
6.66055
6.92378
7.2025
7.4994
7.8199
8.09331
8.36963
8.61898
8.80142
8.94921
9.0372
9.10125
9.12552
9.08234
8.98886
8.85542
8.69178
8.52057
8.38222
8.31131
8.34639
8.51403
8.74112
9.01196
9.20131
9.2977
9.28647
9.16913
8.92679
8.58197
8.20059
7.80573
7.31535
6.72628
6.08319
5.40615
4.75384
4.10194
3.50526
2.94919
2.51633
2.20201
2.02655
1.9078
1.78072
1.64603
1.48502
1.273
1.009
0.689581
0.327349
-0.104259
-0.684178
-1.4399
-2.4117
-3.57078
-4.81851
-6.06445
-7.17062
-8.15133
-8.98011
-9.64729
-10.0435
-10.0369
-9.41528
-8.18352
-6.30725
-3.84091
-1.31795
0.844766
2.3194
2.82778
2.34368
1.4774
0.21214
-0.422567
-0.0990023
0.132833
0.217206
0.209382
6.90077
6.82459
6.84999
6.88404
6.79769
6.70682
6.63061
6.39643
6.41275
6.12935
5.90146
5.65218
5.49586
5.36372
5.13415
5.04048
5.01601
4.97796
4.95846
5.06295
5.23097
5.44477
5.69545
5.91951
6.11492
6.30979
6.49248
6.65765
6.86169
7.05615
7.24589
7.41282
7.55015
7.64206
7.67182
7.63244
7.55721
7.47416
7.33538
7.1714
6.98759
6.81179
6.68141
6.60424
6.61988
6.74407
6.98867
7.32614
7.73086
8.0991
8.32647
8.41179
8.38379
8.20907
7.95801
7.56582
7.05694
6.53484
5.94377
5.27384
4.57708
3.89868
3.27448
2.74338
2.26992
1.90327
1.59785
1.41618
1.36125
1.31006
1.25469
1.12203
0.957082
0.749691
0.473732
0.146749
-0.214837
-0.640523
-1.18633
-1.92239
-2.83948
-3.89852
-5.04867
-6.17688
-7.2007
-8.01863
-8.60898
-8.89655
-8.81478
-8.22233
-7.09537
-5.34884
-3.2045
-0.895258
1.20946
2.74574
3.2962
3.22765
2.39357
1.17563
-0.144734
-0.752563
-0.538581
-0.349021
-0.293232
-0.299368
7.00261
6.91343
6.92473
6.96842
6.88307
6.826
6.75798
6.67304
6.55699
6.29719
6.11892
5.95967
5.78114
5.57277
5.43225
5.35341
5.28908
5.23761
5.23382
5.30445
5.41836
5.59059
5.74881
5.91136
6.03988
6.14965
6.22921
6.3099
6.37819
6.44753
6.4773
6.49896
6.47268
6.41114
6.3011
6.11233
5.92282
5.72531
5.51178
5.30016
5.1214
5.00953
4.98734
5.07782
5.27684
5.5818
5.96993
6.40796
6.85398
7.20014
7.41444
7.45869
7.37692
7.20524
6.93378
6.52822
5.99456
5.3112
4.58764
3.88322
3.1508
2.47961
1.90427
1.4718
1.13964
0.925899
0.812216
0.772459
0.772301
0.810914
0.778214
0.666099
0.494728
0.258938
-0.0268318
-0.349096
-0.702453
-1.09781
-1.57944
-2.19554
-2.94824
-3.79672
-4.69425
-5.55147
-6.28039
-6.78811
-7.01388
-6.87464
-6.31316
-5.293
-3.82781
-1.9959
0.0250427
1.85657
3.31423
3.97808
3.95317
3.21318
2.25703
0.845025
-0.510482
-1.08747
-0.93157
-0.807166
-0.774559
-0.779021
7.09705
6.99023
6.98455
7.01323
6.89147
6.82752
6.80293
6.76988
6.57908
6.45417
6.29752
6.13035
5.95372
5.8061
5.71441
5.65491
5.60305
5.55815
5.55877
5.57177
5.63781
5.72523
5.82277
5.89401
5.94145
5.94151
5.9204
5.87737
5.81216
5.71447
5.59632
5.44757
5.29297
5.11939
4.89499
4.65316
4.41527
4.17591
3.96554
3.79229
3.6971
3.69755
3.81348
4.04639
4.3702
4.7652
5.19145
5.61509
5.98469
6.26252
6.40053
6.40482
6.30853
6.16557
5.90664
5.51308
4.95038
4.21923
3.4385
2.67427
1.9475
1.28232
0.767287
0.410484
0.23287
0.16465
0.23289
0.337707
0.440912
0.500118
0.457841
0.342949
0.15031
-0.113982
-0.412764
-0.7344
-1.06578
-1.41746
-1.82889
-2.30954
-2.84933
-3.43857
-4.00216
-4.48485
-4.80499
-4.89875
-4.68872
-4.14601
-3.25426
-2.04643
-0.553911
1.05136
2.58476
3.82681
4.49742
4.55869
4.00445
3.0059
1.80551
0.423097
-0.884044
-1.43288
-1.35482
-1.35908
-1.43895
-1.44257
7.18377
7.05915
7.03164
7.0477
6.88309
6.80703
6.80346
6.74343
6.63741
6.52984
6.39389
6.23505
6.10414
6.01609
5.97001
5.93071
5.88845
5.85535
5.81248
5.78101
5.771
5.78154
5.79788
5.79582
5.75353
5.67061
5.54422
5.38483
5.18727
4.95268
4.69977
4.4402
4.20894
3.9881
3.76118
3.53903
3.32235
3.12749
2.9668
2.88821
2.89864
3.00622
3.20718
3.48753
3.83143
4.2014
4.55514
4.86465
5.10639
5.27008
5.33188
5.31642
5.24027
5.0978
4.88402
4.52241
3.95226
3.26711
2.53133
1.78776
1.10488
0.503169
0.0272661
-0.240713
-0.31916
-0.230824
-0.0712002
0.126811
0.293241
0.338053
0.270808
0.120909
-0.0963334
-0.351714
-0.641189
-0.943323
-1.24648
-1.56102
-1.89543
-2.24943
-2.63183
-2.98411
-3.27019
-3.43115
-3.39684
-3.11978
-2.57327
-1.75249
-0.712127
0.478745
1.73499
2.94307
3.93205
4.56924
4.69858
4.31308
3.48751
2.41313
1.12585
-0.204916
-1.38086
-1.89369
-1.92328
-1.99059
-2.11237
-2.11536
7.26325
7.12002
7.07175
7.07542
6.89588
6.7943
6.77279
6.70923
6.63585
6.53167
6.40268
6.27466
6.17179
6.11277
6.07453
6.03991
5.99866
5.93794
5.8546
5.76414
5.68254
5.62426
5.57807
5.51602
5.42009
5.27959
5.09458
4.86387
4.59223
4.29144
3.97841
3.70117
3.47745
3.30097
3.15497
3.01582
2.87549
2.74474
2.6691
2.67468
2.7669
2.91943
3.11428
3.34363
3.59181
3.83992
4.05686
4.20158
4.27895
4.3115
4.31811
4.27999
4.19909
4.07836
3.87054
3.51593
3.02951
2.44805
1.83062
1.23607
0.677912
0.172248
-0.222429
-0.428753
-0.430648
-0.30917
-0.12655
0.0568919
0.170879
0.171502
0.0586497
-0.119707
-0.307661
-0.510819
-0.73606
-0.978225
-1.23026
-1.48816
-1.7418
-2.00815
-2.26709
-2.49201
-2.635
-2.64244
-2.46594
-2.0606
-1.40904
-0.551233
0.412984
1.40075
2.334
3.12145
3.67102
3.87368
3.69415
3.13962
2.29451
1.24881
0.124571
-1.05455
-2.01108
-2.40871
-2.47232
-2.5718
-2.7612
-2.76366
7.17332
7.16356
7.09575
7.0687
6.88858
6.74792
6.67579
6.59163
6.49608
6.3795
6.2542
6.12964
6.0276
5.95463
5.89556
5.83757
5.76634
5.67249
5.55829
5.43437
5.31419
5.21943
5.13693
5.04383
4.93052
4.79135
4.61913
4.41155
4.1766
3.92047
3.67142
3.47977
3.35594
3.28469
3.23717
3.18763
3.12865
3.06688
3.03989
3.09438
3.20055
3.32256
3.43967
3.5501
3.64798
3.7397
3.79395
3.76714
3.68227
3.59534
3.52391
3.44335
3.3355
3.19853
2.98331
2.64887
2.23411
1.79719
1.36462
0.943948
0.53879
0.160385
-0.16048
-0.348292
-0.387716
-0.340024
-0.276708
-0.234087
-0.241943
-0.325027
-0.480181
-0.618831
-0.715306
-0.801582
-0.905384
-1.0281
-1.16901
-1.31564
-1.45409
-1.60381
-1.76686
-1.91166
-2.01161
-2.02818
-1.92826
-1.67542
-1.25538
-0.693264
-0.0992564
0.480093
1.00442
1.4111
1.63198
1.63046
1.39563
0.946888
0.339397
-0.365031
-1.14212
-1.96782
-2.63905
-2.89794
-2.98206
-3.12384
-3.37885
-3.38085
6.65412
6.67875
6.73404
6.77101
6.66729
6.56073
6.43879
6.31503
6.17256
6.03411
5.90265
5.78173
5.67047
5.56586
5.46324
5.36361
5.26021
5.14894
5.04095
4.92778
4.81757
4.71149
4.61772
4.52054
4.42468
4.33585
4.24131
4.13942
4.03505
3.93918
3.87929
3.85316
3.84449
3.85256
3.86351
3.86132
3.85528
3.84964
3.85327
3.88167
3.91392
3.93627
3.9513
3.95384
3.94546
3.91852
3.83548
3.69222
3.52681
3.36751
3.22302
3.06989
2.90403
2.72478
2.4866
2.17475
1.84375
1.52456
1.21797
0.902624
0.581776
0.262083
-0.0263592
-0.247738
-0.438171
-0.612146
-0.791657
-0.97844
-1.16536
-1.35637
-1.52579
-1.52097
-1.47371
-1.42622
-1.38754
-1.35614
-1.33006
-1.31156
-1.29188
-1.2831
-1.29469
-1.32182
-1.35998
-1.40394
-1.43282
-1.44298
-1.42389
-1.38736
-1.39967
-1.39738
-1.36202
-1.34213
-1.36152
-1.42257
-1.52575
-1.66908
-1.84525
-2.04738
-2.29225
-2.59189
-2.93174
-3.25314
-3.44825
-3.64972
-3.93632
-3.93781
6.13739
6.15766
6.18311
6.18973
6.17907
6.15844
6.13154
6.08896
6.01694
5.90809
5.7781
5.64942
5.52943
5.41052
5.29838
5.18736
5.07507
4.95958
4.84852
4.74641
4.63315
4.53165
4.43573
4.34544
4.26145
4.19169
4.11878
4.04752
3.98065
3.92952
3.92335
3.93033
3.94345
3.96618
3.9884
3.99997
4.0077
4.02783
4.02444
4.02124
4.00827
3.98791
3.96601
3.93803
3.89878
3.84238
3.70583
3.52439
3.33065
3.13827
2.95525
2.75444
2.54366
2.32574
2.06971
1.76983
1.46327
1.16138
0.869615
0.564157
0.247059
-0.0694156
-0.358021
-0.56289
-0.765485
-0.965969
-1.17137
-1.38008
-1.58252
-1.78044
-1.96768
-1.94264
-1.88644
-1.83404
-1.78845
-1.74827
-1.70717
-1.67018
-1.63761
-1.60977
-1.59775
-1.59891
-1.61547
-1.65178
-1.69297
-1.72355
-1.69722
-1.6746
-1.72757
-1.79397
-1.86145
-1.93566
-2.0194
-2.11497
-2.22266
-2.34036
-2.47009
-2.62281
-2.80488
-3.01959
-3.27627
-3.56726
-3.87556
-4.14273
-4.46403
-4.465
5.62324
5.64288
5.66188
5.67131
5.68401
5.68651
5.67761
5.65536
5.61423
5.56742
5.51074
5.44489
5.37325
5.29425
5.17957
5.06311
4.94366
4.82436
4.70953
4.59641
4.49088
4.39517
4.31811
4.24464
4.17123
4.10778
4.04138
3.97444
3.91623
3.88529
3.90544
3.93671
3.96968
4.00394
4.03585
4.0633
4.08773
4.11263
4.08157
4.04067
3.99429
3.94528
3.89538
3.84523
3.79084
3.71825
3.54843
3.32607
3.09306
2.86062
2.63206
2.39035
2.14168
1.88669
1.61617
1.32495
1.02695
0.73029
0.437948
0.136262
-0.172689
-0.482822
-0.77433
-0.965136
-1.15405
-1.34179
-1.53084
-1.72082
-1.90801
-2.09321
-2.27263
-2.28488
-2.23978
-2.19537
-2.1575
-2.12682
-2.09459
-2.06707
-2.0465
-2.02938
-2.0259
-1.99756
-1.94204
-1.90053
-1.8716
-1.84565
-1.82496
-1.81612
-1.86485
-1.9515
-2.04697
-2.15171
-2.26273
-2.38275
-2.51524
-2.65855
-2.81074
-2.98916
-3.19722
-3.4262
-3.68186
-3.9696
-4.27143
-4.53272
-4.80014
-4.80148
5.11162
5.13932
5.16189
5.1851
5.21184
5.2267
5.22988
5.22172
5.20233
5.17198
5.13093
5.07952
5.03089
4.98244
4.9218
4.84933
4.76546
4.67056
4.56504
4.44385
4.32312
4.26738
4.21495
4.15922
4.10051
4.03976
3.97697
3.91145
3.84342
3.82952
3.88733
3.94225
3.99453
4.04423
4.09146
4.13671
4.18031
4.2169
4.13515
4.05642
3.98027
3.90614
3.83337
3.76165
3.69061
3.6198
3.40871
3.1398
2.86824
2.59542
2.31926
2.03959
1.75571
1.46691
1.17622
0.888354
0.598432
0.306645
0.0128045
-0.283038
-0.580425
-0.879136
-1.17799
-1.35586
-1.53349
-1.71061
-1.88703
-2.06233
-2.23638
-2.40905
-2.5801
-2.62781
-2.58619
-2.54967
-2.51844
-2.49241
-2.42579
-2.33833
-2.25493
-2.17591
-2.11826
-2.06804
-2.02555
-1.99112
-1.96543
-1.94874
-1.941
-1.9425
-1.97696
-2.07966
-2.1922
-2.3149
-2.44785
-2.59094
-2.74449
-2.90897
-3.08462
-3.28078
-3.51313
-3.76372
-3.98106
-4.21836
-4.47644
-4.75558
-5.05578
-5.0578
